200
1 9483 5288
2 4469 2800
3 2271 4194
4 4291 721
5 5294 9034
6 9539 6308
7 736 6217
8 5206 3343
9 1398 3614
10 8799 6892
11 6897 370
12 1175 558
13 9780 6321
14 8457 8721
15 7824 8221
16 5002 5329
17 2658 5262
18 7670 313
19 7762 8229
20 8121 5752
21 1153 9534
22 9278 376
23 4092 1486
24 1956 4484
25 3127 4210
26 1369 2955
27 9338 2728
28 6123 5433
29 4092 8756
30 4804 3223
31 5241 8015
32 2039 4375
33 388 3065
34 8783 9485
35 4127 4861
36 9123 2274
37 6694 4041
38 5370 3891
39 2251 3974
40 9985 5306
41 7328 7714
42 844 8481
43 6029 4611
44 6615 3201
45 8693 6555
46 4765 8393
47 8424 5803
48 799 7731
49 8880 1919
50 562 6388
51 9590 2725
52 152 9584
53 7749 9403
54 4131 2427
55 6706 9952
56 4126 2209
57 2078 5705
58 6764 5280
59 6052 3636
60 8967 1735
61 5844 8119
62 3781 1138
63 8751 3092
64 28 9014
65 1102 7941
66 8883 6841
67 253 311
68 9162 7307
69 5311 9851
70 5889 4479
71 5390 9846
72 5976 2048
73 8923 3037
74 2058 4111
75 8078 4525
76 8458 6652
77 3958 1191
78 4137 2138
79 9161 3015
80 1104 5231
81 532 5716
82 410 5072
83 5824 4525
84 1522 4333
85 9753 7404
86 1891 9870
87 6067 8118
88 9435 4506
89 5590 9479
90 1370 764
91 7690 4337
92 5367 4579
93 1615 6224
94 6739 6394
95 2544 3767
96 3329 3242
97 4581 4303
98 7691 954
99 3779 6542
100 726 4905
101 1060 921
102 4001 7145
103 4066 3181
104 8619 8553
105 5933 74
106 8921 6127
107 7778 3271
108 2965 7866
109 8058 2196
110 4492 338
111 6210 5770
112 4569 1348
113 9983 5729
114 5418 5689
115 6977 5799
116 9060 7086
117 8836 2148
118 8623 8312
119 2223 5390
120 9612 7960
121 5468 6846
122 4559 6974
123 1998 1193
124 5884 6976
125 100 8184
126 2953 7273
127 8974 8541
128 9486 7699
129 3130 276
130 3077 2413
131 987 5176
132 5626 5270
133 7764 2449
134 5762 5957
135 6885 5576
136 74 9649
137 269 7716
138 7618 825
139 3681 4586
140 4415 76
141 9735 774
142 8085 5825
143 6181 3724
144 9526 143
145 217 6537
146 1093 4093
147 1657 1653
148 8883 3474
149 5112 5405
150 8654 477
151 6024 4448
152 7297 4835
153 814 5096
154 7345 2339
155 9397 1097
156 4703 3486
157 959 6190
158 3061 5238
159 7088 9112
160 8816 4990
161 3545 3228
162 731 2900
163 6982 5506
164 4887 3859
165 8825 253
166 2092 1978
167 2557 7401
168 3310 4475
169 3164 6234
170 4698 4729
171 3532 822
172 9102 2209
173 1564 8269
174 3981 9569
175 378 1455
176 739 123
177 7912 4198
178 2080 3731
179 624 3784
180 9884 4507
181 6255 1356
182 3101 8260
183 118 42
184 5868 427
185 6447 5178
186 4669 4613
187 3938 5728
188 149 9020
189 1995 9441
190 8169 4790
191 6015 5088
192 8501 8744
193 3628 5566
194 9733 2073
195 8879 9161
196 7809 955
197 5536 4393
198 999 6044
199 3774 2252
200 9814 6289
