50
1 1514 7427
2 5290 1282
3 9863 9139
4 5752 4224
5 2132 6609
6 6135 2715
7 1572 1032
8 7037 1637
9 348 6642
10 1330 1835
11 590 8951
12 3769 545
13 9913 6498
14 5177 7657
15 7743 511
16 7686 1557
17 6954 2327
18 573 9465
19 5133 3196
20 7096 33
21 8306 7121
22 2949 7616
23 2643 7346
24 834 1037
25 7898 8439
26 165 7923
27 5266 6125
28 8843 1821
29 445 3509
30 3879 5815
31 6692 348
32 4591 273
33 866 2891
34 5670 6504
35 5584 4761
36 9228 8343
37 1146 4113
38 4494 4387
39 9843 2330
40 3686 1067
41 6009 7923
42 412 4052
43 542 3625
44 7474 6673
45 1846 4377
46 8945 6200
47 9585 7366
48 2608 1180
49 5943 2012
50 2702 5012
