500
1 9323 1299
2 7228 5592
3 8085 8905
4 3031 604
5 3265 2455
6 8830 2487
7 6538 2689
8 4584 1053
9 445 9669
10 5868 6282
11 9544 2029
12 2114 6923
13 8649 4704
14 5746 3533
15 5445 4056
16 4561 9956
17 2456 310
18 4323 894
19 1224 2261
20 7452 3919
21 5493 6548
22 4484 2131
23 2432 8434
24 3384 8165
25 22 4418
26 7017 6902
27 8531 6900
28 2521 5636
29 1554 7732
30 5982 5136
31 2806 1300
32 1260 2266
33 6963 794
34 6926 2833
35 8792 6009
36 5982 9906
37 8850 3839
38 9064 9
39 8205 5401
40 7816 2525
41 4781 7684
42 5337 3430
43 6168 6165
44 438 8599
45 1472 9083
46 1504 2943
47 1991 9664
48 3149 5713
49 4990 9652
50 2495 5417
51 5371 7479
52 2832 4474
53 5355 5371
54 2379 2906
55 8390 9659
56 4671 479
57 7282 3686
58 2948 4573
59 8705 5113
60 3138 3144
61 6882 988
62 2135 8177
63 4297 3558
64 5366 1233
65 5399 4857
66 977 5466
67 6566 6427
68 3165 8530
69 6606 3797
70 391 8631
71 3232 6334
72 5347 6782
73 4757 9728
74 5137 3101
75 2402 4900
76 1273 8500
77 7504 4640
78 9224 1133
79 6240 4077
80 9301 9473
81 2803 5910
82 2151 1773
83 5816 2026
84 4474 6616
85 888 6339
86 9007 9734
87 5288 7821
88 516 6972
89 2275 1339
90 844 4224
91 1604 9491
92 2508 4921
93 1265 138
94 6074 2017
95 5092 4783
96 8901 7247
97 3423 8189
98 7643 4014
99 9017 8820
100 1090 2769
101 1307 2171
102 7875 6051
103 5678 701
104 3114 1417
105 612 6298
106 9354 7021
107 4357 3314
108 9121 7774
109 5600 2437
110 8608 5867
111 5737 6157
112 8389 7643
113 9769 7284
114 1513 525
115 1026 8376
116 5005 9596
117 3197 4142
118 7302 832
119 6698 9315
120 3586 8596
121 3978 9421
122 1381 7042
123 9195 6020
124 2867 5854
125 9890 7755
126 1531 867
127 116 4607
128 6362 4720
129 704 1280
130 7675 1098
131 9770 6306
132 1596 8089
133 6366 5220
134 2576 4677
135 4636 1727
136 9898 664
137 6486 6646
138 4415 285
139 5235 9003
140 6150 1586
141 3458 1228
142 7981 848
143 8755 9347
144 3046 6057
145 6083 1356
146 7474 2495
147 3808 6611
148 3896 2488
149 4905 2643
150 7890 9889
151 4561 8967
152 3513 9921
153 9694 5419
154 5818 1443
155 6765 5792
156 4601 8830
157 7846 8284
158 2916 1741
159 2524 6695
160 9704 8754
161 8811 7019
162 6911 2521
163 1130 9263
164 5659 8616
165 8323 4117
166 4066 394
167 5988 2277
168 4814 2972
169 5507 386
170 6326 9840
171 7148 5292
172 9869 6398
173 2703 170
174 6846 3618
175 4269 6472
176 1150 9434
177 7123 9287
178 2971 7092
179 2718 9754
180 9445 5935
181 6086 8801
182 2602 6559
183 8964 1211
184 1199 9831
185 6641 3228
186 6044 100
187 4147 5202
188 1633 5116
189 9984 7089
190 6869 2936
191 7053 9430
192 3968 1734
193 4380 3636
194 5514 2536
195 3943 2706
196 7344 8122
197 2578 4844
198 9352 2163
199 4169 131
200 7753 9355
201 7687 5264
202 3208 3138
203 627 8835
204 6722 4045
205 9389 7343
206 8427 5941
207 1052 1679
208 1011 7636
209 728 7655
210 1508 3568
211 5094 4988
212 1151 2985
213 3144 347
214 3227 355
215 671 8837
216 5518 2348
217 1619 442
218 9348 7223
219 1435 7961
220 9827 4683
221 2667 8847
222 2623 5167
223 8711 7272
224 9524 9146
225 5622 3758
226 4359 7676
227 5616 979
228 7937 6663
229 522 8342
230 1298 8670
231 7323 693
232 1513 8254
233 4377 6652
234 8107 8453
235 3446 734
236 2225 1005
237 4204 5966
238 3203 797
239 3349 9261
240 8641 5688
241 275 6911
242 9604 2522
243 9049 7778
244 5608 5220
245 742 3022
246 8391 7918
247 7430 4221
248 4699 5957
249 5266 1632
250 3851 7709
251 8989 5338
252 6414 9460
253 1820 2769
254 4215 2522
255 4788 792
256 9256 5419
257 2842 2782
258 5446 6569
259 9274 7531
260 2171 5155
261 7668 7802
262 81 5892
263 2214 5627
264 9650 4104
265 6300 5006
266 2013 8099
267 9256 7465
268 5545 9944
269 7294 7092
270 2963 658
271 2303 6464
272 8773 9452
273 3607 9739
274 6440 5395
275 9381 3939
276 7476 9055
277 1721 5714
278 4854 2174
279 706 3826
280 7421 6291
281 2820 3726
282 9726 1041
283 7623 7507
284 2957 8142
285 1993 5378
286 4392 9079
287 1235 5362
288 8103 2431
289 2177 2072
290 8634 7092
291 8841 4681
292 4620 1758
293 6190 519
294 735 1669
295 3035 1949
296 6925 615
297 3267 5249
298 5329 4268
299 7901 8902
300 9595 1344
301 6729 3695
302 248 4483
303 2088 7639
304 7178 8864
305 3907 2189
306 3690 1338
307 2808 4144
308 3247 981
309 387 6377
310 333 6698
311 8522 6645
312 6227 1312
313 5838 3521
314 5597 244
315 8643 4710
316 9808 4967
317 3198 2587
318 7904 5427
319 8769 7873
320 1093 3654
321 5933 6338
322 6168 7633
323 7139 1990
324 5983 3066
325 6591 4411
326 169 2633
327 5636 6655
328 1839 6086
329 8721 2097
330 7348 7334
331 6391 4030
332 7814 8434
333 2257 7148
334 9116 7609
335 8628 5821
336 1371 7073
337 4544 2624
338 8884 9007
339 2095 3652
340 174 6901
341 9508 2394
342 3890 5064
343 1829 5826
344 4134 4665
345 2890 9393
346 5377 2241
347 5981 3272
348 8266 4030
349 4162 1780
350 1597 8636
351 4948 4492
352 9253 294
353 1716 4950
354 6453 1262
355 4951 312
356 4294 9560
357 5575 2659
358 919 3109
359 9653 7874
360 4837 2667
361 4057 7990
362 5901 7097
363 2566 9441
364 2669 4021
365 4771 6428
366 9487 3093
367 7714 3370
368 662 4781
369 8964 132
370 8311 8617
371 2268 4715
372 2257 2247
373 7380 4126
374 934 4457
375 462 5837
376 2665 9615
377 8705 1691
378 9954 3005
379 1987 1128
380 3493 1091
381 117 48
382 7306 3099
383 3548 3853
384 8727 3546
385 9248 9263
386 6000 6442
387 5098 5136
388 569 3138
389 3569 5562
390 2101 9384
391 1228 7852
392 7941 8241
393 3937 3516
394 8458 9617
395 3841 2491
396 8736 642
397 6114 4164
398 6132 4299
399 3232 9009
400 2514 4083
401 7853 5939
402 2427 8806
403 5455 6955
404 3824 7564
405 2145 456
406 5636 2197
407 9386 4943
408 7787 5155
409 8163 6066
410 1511 1547
411 27 8062
412 3207 7020
413 2621 2682
414 6412 2767
415 7108 3575
416 8206 3151
417 9029 2600
418 7057 7051
419 9983 8641
420 5965 6298
421 5666 2911
422 2897 6010
423 5421 8182
424 1367 8109
425 2624 7865
426 1397 4622
427 3576 8069
428 1365 466
429 9612 6981
430 6906 3435
431 2580 8648
432 3869 6438
433 7924 2972
434 6195 8603
435 3901 4645
436 7295 3760
437 5750 5986
438 9977 1797
439 6760 9226
440 6287 5756
441 4906 4835
442 2495 589
443 687 1667
444 227 7168
445 6358 3278
446 4109 6521
447 6324 2980
448 8235 2192
449 6524 1467
450 1899 5854
451 9335 5015
452 2956 2223
453 2742 8129
454 107 6064
455 6158 3308
456 6996 9252
457 1864 8650
458 7245 7048
459 6159 9534
460 7806 794
461 8512 1192
462 8458 27
463 5942 2483
464 9577 9705
465 7422 2216
466 5698 1563
467 177 4040
468 6742 3584
469 3669 9503
470 9181 5912
471 3535 8810
472 3445 962
473 492 76
474 8591 9457
475 5772 7341
476 6344 550
477 5643 380
478 6583 2347
479 536 9018
480 785 3225
481 477 350
482 4798 588
483 6173 3688
484 8138 9400
485 8710 4630
486 3372 8424
487 6544 2919
488 3860 3262
489 4356 9088
490 6936 8816
491 7176 4205
492 9290 6180
493 4695 4744
494 5063 410
495 6684 4459
496 2258 8785
497 382 8148
498 4232 2112
499 9168 7851
500 9586 6421
