600
1 8971 6917
2 7861 5365
3 8924 4322
4 7963 3234
5 7933 5160
6 3282 3511
7 9082 8173
8 8709 4205
9 481 8961
10 1983 1348
11 6602 5054
12 8740 6960
13 3150 7981
14 1707 2818
15 2511 7380
16 1754 5858
17 6858 7039
18 8947 357
19 7454 1858
20 4835 9217
21 9309 8618
22 4445 8917
23 4202 1371
24 1240 8932
25 7726 3478
26 6206 3519
27 725 6793
28 8899 6236
29 8612 9286
30 8093 7826
31 8666 1836
32 8965 8681
33 4026 4298
34 4694 6571
35 5079 3886
36 4328 9317
37 407 3052
38 290 6456
39 6640 7089
40 3828 3939
41 5377 2831
42 6617 6512
43 4307 5808
44 3769 3594
45 2916 9144
46 3677 6232
47 1655 7844
48 3120 6643
49 1837 8626
50 4129 4771
51 2509 9622
52 744 5739
53 3423 2405
54 9617 5894
55 723 1791
56 59 5612
57 4563 6532
58 2725 76
59 9368 1877
60 9080 6921
61 3631 7669
62 3344 8075
63 4202 6603
64 178 7365
65 5866 6327
66 4446 4771
67 4776 1208
68 3372 9368
69 1620 840
70 1470 7698
71 3684 7262
72 8350 2195
73 257 5200
74 9668 1426
75 2830 3392
76 4907 4742
77 7584 9425
78 1690 9839
79 7099 8308
80 5161 3965
81 1596 2607
82 9368 3870
83 1026 9691
84 5413 7471
85 2862 1346
86 2690 6920
87 7766 1316
88 4302 3750
89 522 9618
90 5633 3831
91 669 5544
92 6735 9396
93 602 4649
94 8948 2369
95 7281 1259
96 9858 3244
97 7578 944
98 490 9946
99 6286 4299
100 7301 9516
101 3606 3142
102 2466 4561
103 520 6345
104 128 6066
105 6092 9042
106 9933 413
107 4850 5547
108 8271 8026
109 5645 1906
110 5170 9413
111 2779 6669
112 1422 5125
113 5249 5196
114 2875 2785
115 981 2127
116 986 9216
117 1526 4246
118 1731 19
119 2265 4398
120 9823 4924
121 950 1115
122 5074 1302
123 7342 9536
124 5390 2626
125 233 8184
126 8929 7234
127 4945 5039
128 7253 4577
129 541 2028
130 3660 8784
131 3424 5597
132 5620 5357
133 2319 3020
134 9171 8722
135 7324 8922
136 7031 8372
137 3643 7413
138 7135 4357
139 7354 5234
140 3033 6750
141 4870 3750
142 5522 2328
143 4138 9820
144 8512 2429
145 1870 3913
146 9325 504
147 3206 3423
148 3647 2178
149 3723 6295
150 2767 2677
151 17 4682
152 9706 7048
153 2909 7178
154 5114 9216
155 551 3187
156 5501 7620
157 5225 894
158 722 8085
159 4097 960
160 8232 7946
161 3990 2722
162 8878 8096
163 3429 3888
164 1143 5025
165 195 6240
166 3723 7233
167 3462 2349
168 6965 5672
169 4773 3184
170 9174 7879
171 5581 5477
172 4718 1715
173 5640 3201
174 1412 1450
175 2334 6729
176 7058 3969
177 1025 8550
178 1995 994
179 2989 5101
180 1397 8054
181 5591 8386
182 3770 4181
183 2799 5665
184 4035 2854
185 9152 9614
186 2586 2740
187 2735 3788
188 9279 6480
189 3017 8824
190 5079 3555
191 4844 3863
192 8789 247
193 4791 1024
194 4738 7405
195 1171 6743
196 1497 9989
197 8261 9309
198 4430 3918
199 7979 9912
200 9696 2022
201 8496 5537
202 7905 757
203 9927 4662
204 9904 2616
205 8552 1082
206 1220 1839
207 6411 3194
208 74 8284
209 1334 8303
210 3758 4421
211 9064 2767
212 7596 7616
213 8109 8927
214 2908 6063
215 1490 6791
216 8732 3504
217 9580 8278
218 6229 3514
219 8037 9343
220 6849 8724
221 1788 7283
222 6476 8732
223 232 8633
224 8967 2169
225 2366 4066
226 7285 6377
227 5282 5476
228 2224 7067
229 125 2864
230 2892 1700
231 1069 6043
232 9558 2387
233 2647 368
234 7298 1710
235 3291 2770
236 3923 9491
237 2153 4203
238 5769 4747
239 9169 4768
240 7063 368
241 775 9320
242 4079 7289
243 1319 5282
244 5264 8344
245 3535 6652
246 6322 9639
247 5961 3089
248 8640 7758
249 6019 463
250 8020 1162
251 5625 9089
252 3877 1915
253 2924 1006
254 2116 8448
255 2613 6300
256 4445 5959
257 3195 2540
258 3344 6825
259 1370 8627
260 830 6908
261 6396 7962
262 1338 4646
263 1067 8778
264 9456 8167
265 3718 9546
266 3768 8273
267 9412 1739
268 2107 7982
269 8186 2366
270 1750 9484
271 1274 3537
272 4047 4666
273 6024 7514
274 1295 8942
275 9206 8895
276 9667 1079
277 3781 9093
278 534 2983
279 4544 1538
280 282 1979
281 9884 2279
282 9784 4582
283 8201 3345
284 4603 6444
285 8293 1975
286 9223 3995
287 8800 6437
288 1130 5272
289 11 2870
290 1997 5420
291 9419 903
292 9899 2613
293 1562 648
294 4480 3237
295 9144 808
296 1260 1814
297 3342 7519
298 7332 801
299 8183 9229
300 7494 2947
301 9924 4142
302 8083 5149
303 1836 8094
304 1065 5275
305 8424 9597
306 9714 1756
307 5838 3628
308 4834 973
309 4239 2039
310 6361 5643
311 8343 5036
312 2454 339
313 1850 8011
314 7298 9594
315 1879 8212
316 6877 7610
317 1085 4207
318 3348 8938
319 316 7892
320 6694 8310
321 7397 245
322 9280 4715
323 7413 5599
324 682 9683
325 5551 320
326 6820 4945
327 7134 5754
328 199 2463
329 5931 4042
330 7069 7918
331 8818 3311
332 751 8981
333 4022 2532
334 9306 6056
335 4363 2491
336 2024 2480
337 7261 6482
338 203 6675
339 5556 2870
340 2943 9266
341 8270 6268
342 7270 7894
343 405 2221
344 1105 8104
345 7081 4123
346 852 7019
347 5089 6634
348 6427 5264
349 5676 5101
350 2547 2475
351 2184 8273
352 4138 2906
353 6278 4829
354 5997 1470
355 7082 3352
356 3651 5311
357 5180 3001
358 8754 4759
359 6760 611
360 115 987
361 4868 8063
362 5477 973
363 574 9688
364 4627 1527
365 7480 3058
366 8140 4787
367 9778 5401
368 9116 7842
369 3434 4637
370 7623 1764
371 5292 6593
372 7917 6551
373 3623 1416
374 365 9998
375 342 4277
376 3123 2280
377 9536 5672
378 3628 5935
379 8621 912
380 7733 876
381 1943 7853
382 1717 9983
383 1378 6648
384 2958 8267
385 5883 5664
386 5167 7074
387 6250 7058
388 5957 3877
389 7092 5072
390 8855 8879
391 474 1047
392 6327 780
393 9128 286
394 755 318
395 5322 4295
396 252 1136
397 2021 4590
398 3635 8733
399 4025 9899
400 6058 8979
401 1624 3482
402 9982 2792
403 8478 9581
404 415 8165
405 9978 1180
406 4544 1498
407 7809 6381
408 1215 8257
409 2348 2425
410 863 6300
411 3487 9094
412 902 2612
413 4915 1261
414 3963 2922
415 9442 5796
416 6694 634
417 650 7008
418 3602 7485
419 5301 4201
420 3170 7793
421 3915 7381
422 9522 4964
423 3815 580
424 8693 3191
425 3824 6475
426 3396 2164
427 2925 3699
428 6258 4411
429 6804 4926
430 8740 3212
431 1250 1101
432 4772 6931
433 6526 1938
434 6026 2609
435 5335 9323
436 7991 9050
437 9603 8464
438 928 9522
439 4566 8571
440 2631 4008
441 5304 1099
442 6682 6661
443 6996 4531
444 6086 7477
445 6280 1428
446 6563 5558
447 2707 6573
448 9976 3671
449 9666 6924
450 1122 1137
451 2705 8429
452 2911 8723
453 1183 3313
454 4816 332
455 3614 3598
456 7833 9447
457 7144 8457
458 4045 3631
459 8039 3873
460 4415 9715
461 1415 6894
462 2479 8978
463 6561 14
464 4013 9001
465 8386 3785
466 2697 3185
467 9597 356
468 9252 9896
469 8750 6563
470 3906 7987
471 8288 5373
472 3301 1357
473 4521 2380
474 2562 9693
475 9173 7619
476 7709 1536
477 3131 6879
478 9985 6783
479 3414 6339
480 507 5557
481 6834 7874
482 7802 6949
483 4953 2242
484 6924 5462
485 1043 3449
486 2882 1907
487 865 9230
488 2738 2963
489 8193 8231
490 4758 2989
491 63 4680
492 312 9657
493 3247 2303
494 4331 8001
495 9464 9624
496 8834 5890
497 3343 30
498 198 3548
499 7629 6980
500 9293 8019
501 2181 4237
502 4344 8096
503 1337 9376
504 8035 3384
505 1171 6806
506 9693 7580
507 7388 6584
508 4860 9855
509 5027 1409
510 4411 5647
511 3749 9772
512 8001 2998
513 529 5563
514 4540 6132
515 9932 9552
516 9814 3933
517 7480 1063
518 5627 8704
519 5885 4927
520 6312 1193
521 4926 8860
522 3672 2558
523 7783 4539
524 1110 3566
525 7372 7535
526 148 6757
527 5944 2860
528 5719 6297
529 1754 3824
530 9431 6486
531 403 5989
532 6003 9681
533 2062 8151
534 8927 7838
535 6435 8716
536 6340 2415
537 7048 6995
538 9051 5461
539 8432 6411
540 2664 4084
541 9321 2562
542 6125 3224
543 8835 8295
544 1091 8587
545 1632 7610
546 8456 5140
547 673 110
548 8311 2382
549 2008 6274
550 2776 2704
551 9195 2807
552 4093 9616
553 5049 1681
554 9261 6046
555 3910 7562
556 9321 2157
557 9189 2262
558 7003 6210
559 6478 7010
560 4157 7768
561 2203 2098
562 2624 1978
563 5443 608
564 9444 3132
565 4956 6384
566 612 408
567 7418 5197
568 9092 8568
569 6491 4242
570 7142 8958
571 7821 7178
572 3917 4965
573 4081 821
574 2339 7629
575 6516 3310
576 2088 7222
577 5917 9275
578 6745 7825
579 7272 5731
580 6719 3767
581 4868 677
582 8589 9993
583 6065 2830
584 5978 1381
585 4508 1403
586 9945 3208
587 5696 5724
588 3490 9122
589 2543 2206
590 783 9708
591 973 9331
592 3340 4093
593 2370 314
594 3968 5318
595 4128 8211
596 1956 5731
597 3880 709
598 4413 9609
599 8379 7205
600 4171 4502
