400
1 9066 5106
2 8641 8401
3 9961 1796
4 1890 2146
5 2216 5274
6 9949 6864
7 5443 7740
8 8401 1553
9 8185 4695
10 2316 5992
11 8755 9616
12 5765 4566
13 1411 1212
14 7200 9217
15 2523 7713
16 596 8777
17 8319 883
18 2830 8236
19 3563 2807
20 5831 4684
21 6344 3386
22 9144 4890
23 6491 5267
24 4283 4617
25 5504 8358
26 5346 3212
27 3204 8640
28 7745 3942
29 1879 3036
30 887 5979
31 379 9896
32 7995 2522
33 9028 343
34 348 2102
35 5196 6595
36 6369 1039
37 3587 5890
38 84 9716
39 9887 6815
40 4184 7885
41 2175 6835
42 2373 4717
43 5628 2278
44 7626 1865
45 8583 7248
46 3717 218
47 1434 7423
48 6702 2559
49 1332 1202
50 9457 9416
51 2744 3908
52 7057 5853
53 3279 2420
54 7177 4084
55 635 2543
56 5333 5454
57 3373 177
58 9283 8865
59 7284 4102
60 1128 4575
61 8293 5378
62 8549 364
63 4410 516
64 7772 4660
65 6468 9251
66 9787 9959
67 6934 98
68 269 5121
69 6616 9414
70 1431 4222
71 590 7677
72 7886 5357
73 8209 6125
74 3798 8870
75 1497 3001
76 1940 6079
77 8691 7113
78 3110 4713
79 14 7738
80 3068 355
81 3863 4174
82 298 611
83 2730 1940
84 5829 6760
85 6148 9579
86 9824 701
87 5877 8730
88 1391 7584
89 274 2639
90 3140 9121
91 9129 9485
92 594 6386
93 5402 8022
94 6508 7678
95 218 3718
96 4318 92
97 1858 3679
98 9381 7869
99 9966 8324
100 9525 2402
101 8117 9329
102 1461 2711
103 5472 3659
104 111 7550
105 4352 9106
106 6858 9434
107 5712 6649
108 4591 3430
109 5328 4888
110 5791 9275
111 6557 3165
112 2630 7923
113 2542 5068
114 9128 5482
115 7193 8025
116 1999 7714
117 9277 1827
118 8662 4474
119 5132 8564
120 6556 2719
121 7856 5174
122 2063 8561
123 4065 9892
124 6910 2448
125 9499 13
126 6182 3616
127 1776 9521
128 9611 3561
129 7746 3482
130 3050 1557
131 6242 8645
132 533 3235
133 9648 5849
134 4005 6569
135 3594 1507
136 7107 9162
137 5372 6142
138 6048 2256
139 8683 5381
140 3467 8860
141 1069 2003
142 3834 9013
143 1375 9262
144 1021 7869
145 5809 8562
146 5302 6120
147 4416 9148
148 8031 3875
149 6376 3422
150 8027 196
151 9875 2914
152 3213 2114
153 2737 3737
154 8200 1907
155 7610 6816
156 7374 9634
157 8674 8728
158 6152 2135
159 82 4474
160 4702 7039
161 5072 9923
162 9074 5844
163 7468 2484
164 6058 4387
165 8135 7956
166 6513 389
167 5082 2215
168 7463 6223
169 9960 5839
170 956 6516
171 6284 2215
172 6623 780
173 8545 5097
174 9014 8259
175 4516 3481
176 3683 7327
177 3994 1044
178 5828 5054
179 6077 1498
180 6764 915
181 8172 6824
182 9148 5039
183 7099 3461
184 1068 5433
185 353 2503
186 8362 559
187 5983 6367
188 4866 8608
189 9155 6438
190 4648 9189
191 7465 886
192 6535 8246
193 3841 3475
194 4130 9367
195 3793 1523
196 7630 5549
197 8666 7532
198 7188 5049
199 9661 9008
200 6621 8369
201 7290 4804
202 6523 778
203 4736 2009
204 404 5197
205 2237 744
206 8580 6010
207 7715 9205
208 2203 5888
209 4986 5809
210 535 5994
211 7615 2249
212 1090 9440
213 4736 5258
214 2123 3111
215 4716 7493
216 7034 7663
217 4147 9221
218 800 1568
219 9295 7476
220 9968 5831
221 4386 4289
222 6552 3130
223 7164 8891
224 673 6175
225 5014 9561
226 807 1144
227 4759 9337
228 7290 9864
229 966 3332
230 222 2145
231 9825 734
232 3370 4674
233 170 4971
234 7160 2423
235 6942 3391
236 1234 2378
237 7700 6228
238 8966 5192
239 8388 3420
240 8036 2467
241 2549 7742
242 7326 9468
243 4845 8163
244 2062 6437
245 6264 7498
246 4773 5308
247 4649 404
248 9251 5627
249 8958 8053
250 9631 99
251 3580 9195
252 2083 8698
253 3066 592
254 9485 5572
255 7692 2696
256 4567 1816
257 6231 9606
258 4856 670
259 1487 7702
260 9952 6770
261 3414 9695
262 3882 1668
263 841 1660
264 6877 1190
265 9605 3333
266 1221 1798
267 2692 8312
268 3327 358
269 3662 5607
270 8046 7929
271 5169 3411
272 3390 6291
273 9966 1461
274 7801 1955
275 7956 9397
276 6269 9630
277 2675 8061
278 7986 9268
279 9657 6383
280 4742 463
281 8779 4683
282 1282 5809
283 4731 6332
284 7926 7844
285 5281 1673
286 4026 9438
287 7670 9774
288 4253 4646
289 8302 6848
290 1095 9693
291 8046 1391
292 1965 8195
293 5321 5764
294 1447 3475
295 6274 5565
296 4891 9737
297 5741 5613
298 9166 7169
299 5493 3273
300 7045 307
301 8109 1774
302 1809 3016
303 2303 3233
304 9000 190
305 6660 830
306 6290 6346
307 3393 665
308 111 2390
309 8113 8240
310 9806 9367
311 6273 3225
312 5247 380
313 416 8641
314 9489 4738
315 1047 336
316 7104 9808
317 9701 202
318 1736 9462
319 4755 4481
320 4020 8609
321 4214 7624
322 3341 5684
323 9407 5944
324 4331 6240
325 6575 5098
326 2960 198
327 764 7164
328 1156 68
329 5880 8087
330 1529 8665
331 3199 5940
332 413 3456
333 3901 8803
334 9252 8883
335 8944 7094
336 1791 5964
337 7919 9327
338 4043 7172
339 3657 3286
340 2766 4410
341 9710 7994
342 20 2489
343 1705 3858
344 2585 4809
345 5807 5366
346 2558 8395
347 6752 9480
348 2245 9937
349 2980 4930
350 4510 3741
351 9272 1951
352 3632 971
353 4975 3220
354 1707 6519
355 3758 3696
356 4228 3123
357 7550 8198
358 422 8330
359 3092 5315
360 722 9865
361 3842 4250
362 8778 6358
363 9044 7863
364 6249 4520
365 7677 1432
366 1564 7632
367 9243 4278
368 1036 4376
369 780 1246
370 6738 9050
371 6150 8021
372 9460 9616
373 7559 1534
374 4514 6992
375 8336 6965
376 4583 43
377 4723 1980
378 2739 3570
379 3370 7453
380 5914 1114
381 4745 7518
382 9269 3095
383 4595 4941
384 7246 991
385 4615 3846
386 857 854
387 3776 4256
388 2795 6897
389 5307 2443
390 3136 6525
391 6239 4400
392 5485 9719
393 3786 6580
394 4302 4527
395 7207 7059
396 8618 8750
397 482 2878
398 3022 9856
399 2997 8598
400 1137 3927
