350
1 4484 8277
2 8583 1448
3 5510 1760
4 1611 1782
5 1391 3913
6 2277 7970
7 4049 475
8 7409 5949
9 526 2095
10 2921 7550
11 5520 4254
12 1346 4723
13 9144 9368
14 7388 9535
15 1573 3269
16 5998 2732
17 2254 1552
18 4691 1583
19 6566 582
20 7921 4515
21 3689 7832
22 2737 6574
23 3351 8437
24 8088 3538
25 3802 3746
26 2632 9602
27 2565 9341
28 3097 4919
29 9076 3774
30 9272 5280
31 722 1734
32 5227 2698
33 9002 4160
34 6855 4015
35 5161 98
36 7295 9963
37 8756 1484
38 4726 4086
39 6737 6638
40 8000 4634
41 2515 6104
42 7901 3324
43 127 3439
44 7902 7818
45 9675 7421
46 7859 8655
47 7919 3767
48 7253 6298
49 3319 8292
50 4256 6446
51 1347 6051
52 8518 6303
53 724 5445
54 3850 8172
55 5331 5560
56 581 4060
57 331 7729
58 2687 5770
59 7359 7878
60 9215 4233
61 545 7166
62 9363 3846
63 169 6087
64 9940 3042
65 2772 3596
66 1877 3434
67 2290 2624
68 3660 2249
69 3186 6982
70 5889 6168
71 6859 8896
72 8594 4392
73 7632 9422
74 374 2962
75 2296 39
76 8906 6089
77 7977 1224
78 9531 9257
79 76 5064
80 9460 7296
81 2568 8390
82 2733 6570
83 6941 825
84 6222 9468
85 6091 8586
86 4638 7053
87 1436 6655
88 3099 5809
89 5484 2434
90 6573 8491
91 5187 355
92 705 2722
93 3321 2077
94 7748 1851
95 2697 7854
96 9424 3464
97 5033 6407
98 5873 6176
99 1079 8816
100 8956 8409
101 8842 5554
102 7235 4265
103 5426 8467
104 9557 6441
105 3132 3080
106 4855 7984
107 5960 1395
108 6727 300
109 8129 7685
110 4638 4788
111 2330 514
112 9136 3984
113 6996 6144
114 9465 5651
115 9584 1479
116 3418 1465
117 3132 7803
118 3024 2755
119 9156 8797
120 2318 6619
121 3275 7954
122 9406 1740
123 3462 2267
124 3784 2495
125 410 2161
126 9769 7532
127 1627 4362
128 127 8403
129 7697 6982
130 691 1282
131 8810 6249
132 609 892
133 6908 8971
134 9874 3292
135 2514 3902
136 4384 1488
137 5977 4169
138 1387 4628
139 2888 8739
140 6301 6528
141 934 7028
142 2926 46
143 7861 9167
144 6615 7802
145 2030 203
146 6506 8051
147 6704 1541
148 3954 3954
149 8790 749
150 2830 8801
151 6210 7312
152 4342 1716
153 9932 43
154 9092 1712
155 580 9462
156 5937 1446
157 2279 5199
158 929 4427
159 6058 7213
160 5267 9802
161 4030 9415
162 6812 6491
163 6089 9271
164 7638 996
165 7471 9721
166 8409 6366
167 9158 4140
168 3307 8580
169 8519 4662
170 1171 9565
171 3577 1049
172 8489 4699
173 2132 7153
174 6674 335
175 4912 4228
176 4586 6841
177 7993 2009
178 3279 6680
179 2478 4523
180 72 775
181 2890 8644
182 5259 5201
183 5289 7881
184 3916 5493
185 6086 3523
186 1908 4810
187 9139 5106
188 9811 6774
189 992 7722
190 2021 894
191 3550 3438
192 1004 6400
193 5913 8234
194 2970 1506
195 3996 373
196 210 6633
197 7086 2701
198 9492 588
199 783 5858
200 6950 3540
201 4715 8433
202 9430 1020
203 267 1529
204 5964 1078
205 8545 7507
206 9847 1814
207 2168 1560
208 541 368
209 44 2871
210 9396 1428
211 1317 8538
212 5687 6248
213 5205 6763
214 8564 6845
215 3925 3068
216 7583 7819
217 3317 4412
218 6587 5389
219 3588 1441
220 323 2353
221 6447 6836
222 1207 7446
223 9005 9389
224 6659 7628
225 9922 7153
226 4491 3574
227 4006 792
228 9765 4026
229 6117 1658
230 6035 7970
231 4560 4079
232 3565 6694
233 389 5947
234 8810 8083
235 3027 6231
236 6797 174
237 9487 3096
238 5043 7674
239 8729 2454
240 5903 6536
241 9693 2067
242 5812 5615
243 9708 8282
244 1227 6870
245 5020 4514
246 4758 784
247 7314 5498
248 1560 6863
249 7102 590
250 1778 5548
251 3104 3069
252 2447 1275
253 5582 9965
254 3497 4133
255 8762 6215
256 9819 5718
257 7414 1803
258 5304 6319
259 5488 9350
260 4427 571
261 1788 9610
262 2632 3430
263 6597 1993
264 7323 7083
265 3423 9468
266 2963 6110
267 3579 7316
268 139 7455
269 7429 1173
270 4695 2390
271 9939 9666
272 913 1443
273 5464 6484
274 8736 2605
275 3788 5099
276 1862 2518
277 7486 2335
278 6558 1827
279 2769 2122
280 2360 6201
281 8082 2602
282 3818 8096
283 4685 4565
284 2106 554
285 3892 1721
286 8688 5147
287 1760 5251
288 4861 7441
289 9225 7176
290 191 9230
291 4280 5504
292 2838 5963
293 2885 2898
294 5167 2860
295 9194 9850
296 1157 3312
297 7551 1772
298 2647 2684
299 7684 5212
300 3027 7270
301 7005 3808
302 1542 8559
303 6597 4592
304 7152 6260
305 7181 3868
306 6970 721
307 4640 8154
308 1017 3636
309 9198 4010
310 3303 2444
311 6075 8244
312 8936 4476
313 9369 8546
314 793 3416
315 3684 2441
316 8958 2346
317 6746 588
318 8282 1800
319 7313 2010
320 8803 5716
321 3487 6521
322 1719 1807
323 6093 7472
324 2443 7036
325 3381 8910
326 4747 693
327 601 5721
328 8624 4698
329 2534 810
330 8717 7676
331 7009 311
332 7864 8181
333 7047 6386
334 9457 9775
335 6341 7350
336 4107 2656
337 3489 6129
338 4127 8008
339 6362 2179
340 8944 534
341 2243 9552
342 5222 9707
343 3495 3888
344 6962 6762
345 4360 8233
346 3395 7437
347 4844 8426
348 2633 7476
349 3462 7738
350 8061 6479
