550
1 2584 2845
2 2439 4400
3 5531 4323
4 6471 7409
5 6838 9529
6 6651 9344
7 1938 956
8 4463 9865
9 5859 176
10 7475 1461
11 1304 3231
12 2236 8319
13 5393 1016
14 3412 9026
15 5823 6398
16 9354 4412
17 8893 3945
18 2101 9241
19 560 6414
20 1651 6632
21 2686 8465
22 2427 4274
23 7748 518
24 3638 8720
25 7459 8848
26 3245 2049
27 6572 5797
28 8617 614
29 798 5258
30 7939 7928
31 6466 3997
32 8538 3953
33 1520 469
34 6661 4212
35 2707 9906
36 7308 7059
37 7834 9181
38 246 3269
39 6067 5187
40 7214 3801
41 3737 8628
42 4196 278
43 7492 5778
44 551 7500
45 9613 8231
46 5436 8194
47 560 700
48 3161 7890
49 665 7524
50 8586 7601
51 2982 1926
52 7421 5654
53 1085 4300
54 1488 2902
55 2303 5939
56 3554 4068
57 8873 2136
58 5201 898
59 6660 4073
60 6902 8886
61 6873 9067
62 6290 7870
63 8268 9797
64 8083 368
65 7490 7632
66 1424 5854
67 1392 1222
68 9126 8065
69 2006 6982
70 792 1099
71 9043 4940
72 3020 2625
73 6618 1264
74 1149 1637
75 6750 3778
76 2651 2400
77 9643 8895
78 8037 8085
79 9609 1586
80 4826 4484
81 5246 4478
82 6714 273
83 6872 2236
84 3624 7854
85 6021 5065
86 6594 8623
87 9266 5813
88 2533 8763
89 1894 401
90 8019 1345
91 2985 9541
92 3836 255
93 2375 3347
94 6135 7618
95 3061 7361
96 3038 2476
97 6869 6007
98 1694 8460
99 2734 9161
100 8779 3006
101 7759 1353
102 2677 9050
103 3375 8050
104 3635 8642
105 4308 4608
106 5911 4377
107 9707 8700
108 4960 6921
109 1226 4277
110 2230 9220
111 396 9122
112 2389 8112
113 7328 7369
114 635 4737
115 3845 7833
116 4228 1742
117 130 6555
118 3870 1245
119 1980 8716
120 1276 261
121 9444 322
122 9006 539
123 8187 6087
124 241 8149
125 932 116
126 7035 6265
127 9398 5027
128 4507 9055
129 3014 496
130 7353 5633
131 3025 884
132 3178 8147
133 4131 2275
134 5411 8370
135 4733 6688
136 980 945
137 9400 9194
138 9627 9658
139 813 2725
140 4879 2712
141 2944 9055
142 9997 3577
143 5703 7724
144 8260 3662
145 7963 6567
146 8342 4750
147 289 9745
148 6796 9191
149 2526 6644
150 1534 5961
151 8634 5649
152 9251 2464
153 6253 4989
154 9397 9199
155 9420 8012
156 4927 4247
157 4831 5754
158 5950 8971
159 2413 634
160 722 5656
161 3694 6056
162 7880 1834
163 7423 3990
164 636 1361
165 787 7049
166 7554 3268
167 425 4240
168 2318 6254
169 8322 4297
170 4553 8746
171 7681 3432
172 4117 7400
173 550 8780
174 8075 2857
175 457 6340
176 7191 141
177 5573 6644
178 3435 2258
179 4488 2310
180 6106 5363
181 9181 8625
182 9518 6181
183 9781 2500
184 8355 1928
185 9521 696
186 3461 8110
187 7757 6487
188 4297 8345
189 8098 8491
190 946 7152
191 4299 6655
192 7890 4741
193 8507 9060
194 6014 5206
195 3595 639
196 3240 5347
197 4351 9924
198 3531 9820
199 6997 9304
200 9646 7441
201 5226 1952
202 129 3717
203 9556 5219
204 9682 9468
205 3109 1025
206 1430 3300
207 1026 9659
208 7858 2876
209 7497 5904
210 9100 4595
211 3402 3607
212 8895 5373
213 5465 3480
214 1562 5855
215 2429 9275
216 6333 9778
217 9747 5265
218 3384 5711
219 202 1538
220 2196 4161
221 9169 61
222 8049 2140
223 5581 2688
224 6279 2249
225 7676 7910
226 7279 4839
227 4896 3730
228 3132 1952
229 1520 520
230 573 213
231 8705 6780
232 9524 3624
233 8403 8434
234 2679 4209
235 2714 7146
236 4837 1380
237 2302 1344
238 1784 1314
239 9936 405
240 8084 9123
241 858 8799
242 2878 7905
243 5711 1283
244 2029 4372
245 4669 8920
246 3984 7877
247 9720 5398
248 10 4941
249 2757 9156
250 1126 7286
251 2816 3950
252 7049 7665
253 830 6020
254 943 2088
255 434 2038
256 5294 7482
257 1618 8468
258 9295 3839
259 1627 1400
260 144 1965
261 9251 7585
262 5047 8070
263 2719 3097
264 3657 3357
265 4546 2681
266 352 689
267 7307 1012
268 4149 2203
269 2170 5101
270 2339 522
271 2050 9570
272 3838 2346
273 2755 2517
274 788 6054
275 1322 61
276 8715 7518
277 1480 9200
278 4399 231
279 9421 2006
280 9641 1088
281 6586 8704
282 2766 1058
283 7369 6475
284 8292 8847
285 6628 7899
286 4523 2512
287 5508 3860
288 1007 5180
289 7059 1504
290 461 772
291 6551 4158
292 1532 5947
293 3906 4236
294 5884 1252
295 8818 9859
296 4970 6960
297 5686 5336
298 1961 8116
299 9285 7420
300 8759 6797
301 7540 3476
302 7183 8659
303 7811 177
304 8118 7603
305 7729 1281
306 7944 9076
307 9589 5131
308 5085 590
309 9029 3207
310 45 5358
311 4599 8205
312 5712 8175
313 9072 5394
314 6231 8322
315 6994 3978
316 8789 8906
317 2345 3194
318 2006 657
319 6222 411
320 2782 1554
321 7533 1061
322 4111 9820
323 2893 6999
324 1127 7316
325 2533 313
326 7577 5982
327 2601 3549
328 9222 1237
329 7361 951
330 9285 5472
331 3802 9909
332 200 2393
333 3140 9608
334 793 8660
335 4627 3148
336 219 5986
337 3457 5316
338 8822 1889
339 6173 5111
340 768 5406
341 3960 1937
342 3188 6537
343 1848 5539
344 972 7063
345 9623 1901
346 9326 2363
347 7178 7705
348 4464 4531
349 2215 475
350 6832 9549
351 8849 9587
352 6522 82
353 2199 1897
354 4031 1845
355 9955 3550
356 6486 5818
357 6754 9230
358 2554 3517
359 8129 6761
360 7322 199
361 7887 2039
362 9939 5978
363 9000 7523
364 6166 3260
365 8778 4207
366 9129 6798
367 688 286
368 9118 5402
369 3545 212
370 523 2928
371 9147 9608
372 9301 721
373 8409 8734
374 9975 3794
375 2722 676
376 5207 9036
377 6116 98
378 8473 9858
379 1888 7421
380 5551 9808
381 580 254
382 4841 5128
383 4289 9052
384 9021 7648
385 4203 1662
386 8840 7853
387 8777 9219
388 1979 651
389 3805 2137
390 9813 5061
391 8078 6284
392 5553 2436
393 8913 1051
394 3727 2246
395 5754 5704
396 4245 6482
397 5525 4641
398 4781 9888
399 846 990
400 4056 8911
401 4319 6904
402 578 4825
403 2940 4607
404 9695 5378
405 8158 1812
406 5670 983
407 5719 4151
408 7230 8510
409 3931 1117
410 138 1219
411 5683 6988
412 9975 3313
413 3413 1117
414 304 5533
415 2683 8061
416 3356 1406
417 3235 8043
418 9280 2867
419 3112 6446
420 1877 8681
421 18 1600
422 5414 6262
423 317 6074
424 803 2229
425 8806 3741
426 7314 1906
427 7531 893
428 2468 8971
429 9665 7681
430 5252 7527
431 7879 2381
432 3179 5609
433 7725 1480
434 3151 9873
435 1542 2334
436 2188 8519
437 729 7335
438 7899 8749
439 8792 9867
440 390 8439
441 2132 2517
442 7792 8365
443 3546 9429
444 604 545
445 8716 7051
446 5950 9592
447 1017 7792
448 9283 6259
449 1093 1768
450 7720 7277
451 2402 9165
452 7528 6687
453 5552 2347
454 1467 7808
455 6205 751
456 4329 5173
457 847 7405
458 361 2714
459 9993 6446
460 1783 8972
461 4291 4958
462 3868 8916
463 7636 8814
464 6044 7906
465 7893 5071
466 644 3890
467 4690 4787
468 900 7524
469 6127 9262
470 8604 8147
471 5150 9231
472 9830 4616
473 9719 9051
474 3729 3240
475 1519 4974
476 3778 7794
477 2205 7345
478 7657 8421
479 4765 8032
480 4045 9155
481 7224 8335
482 9474 3017
483 4636 1846
484 9044 1119
485 2324 6932
486 6781 9391
487 943 4167
488 669 1443
489 8319 6472
490 2438 4449
491 6150 8361
492 9713 1757
493 4628 3759
494 6216 3357
495 2723 7968
496 4025 1999
497 5239 3161
498 6460 1072
499 1613 8122
500 2728 3560
501 8688 6732
502 5647 1956
503 8879 3319
504 1671 8240
505 4507 5003
506 965 2107
507 7272 7202
508 9118 4295
509 702 3126
510 4627 8451
511 2921 1290
512 4419 8674
513 2645 2529
514 4044 1965
515 4983 2355
516 4499 6455
517 5572 9596
518 8432 1824
519 9888 6542
520 6810 5556
521 3031 8980
522 3388 5869
523 9672 6634
524 7109 5671
525 6531 6896
526 8022 2868
527 1638 4531
528 1035 119
529 7367 6794
530 3343 5414
531 4403 4256
532 3737 6600
533 6599 8729
534 9382 4604
535 5890 3731
536 6322 5102
537 3721 8747
538 6765 2513
539 760 2021
540 2367 9503
541 8450 8735
542 3682 8071
543 7431 1891
544 2131 8405
545 8682 9072
546 8605 4795
547 9286 3701
548 675 3108
549 4448 5281
550 7728 954
