700
1 786 4795
2 9708 6194
3 4085 6489
4 1390 9951
5 1190 5234
6 5164 9536
7 4216 2367
8 4987 7315
9 3203 8404
10 5037 1450
11 7847 2265
12 5721 1390
13 1691 5863
14 4 8652
15 633 5457
16 318 6270
17 4698 4702
18 7214 8401
19 3591 3424
20 3589 1733
21 9388 2382
22 1471 2531
23 5274 382
24 6792 7100
25 1326 7539
26 5250 263
27 9019 6704
28 9056 7132
29 1189 251
30 3739 3943
31 6091 9723
32 6970 5337
33 454 627
34 7974 755
35 7766 4980
36 4656 4484
37 2842 7971
38 1886 4292
39 8642 1691
40 1201 444
41 7118 8187
42 3575 9295
43 7313 9166
44 8562 5826
45 4787 3679
46 5901 4182
47 3082 6615
48 5976 1752
49 9051 1976
50 2720 5124
51 8136 4467
52 3950 3220
53 6346 5813
54 1291 4017
55 1672 8159
56 9253 8030
57 8111 558
58 4252 2518
59 9629 9630
60 3365 4100
61 5933 5052
62 657 6190
63 5696 5096
64 9410 4458
65 7882 5088
66 6928 3748
67 6871 1265
68 7685 8495
69 1012 4340
70 3947 5882
71 4338 1146
72 7515 3062
73 9080 7529
74 9444 9091
75 4208 1148
76 3399 8702
77 4845 8183
78 7027 337
79 1988 9023
80 9618 5693
81 1996 442
82 1148 9018
83 4065 9853
84 4267 7264
85 8497 8981
86 3768 9338
87 9109 3729
88 4722 7685
89 254 7532
90 4186 6101
91 2816 9328
92 9377 3435
93 3220 8300
94 3656 7062
95 445 6850
96 525 9558
97 8281 166
98 4888 2764
99 8371 7230
100 2449 8101
101 2574 3370
102 7074 6301
103 7643 7700
104 3043 8082
105 5371 2924
106 4872 266
107 4331 4726
108 317 9916
109 17 5911
110 9161 8507
111 3870 1240
112 8489 6546
113 4065 5571
114 8147 7845
115 1562 8711
116 4292 5045
117 7977 6323
118 2789 5544
119 8513 1831
120 639 5742
121 9129 981
122 7555 9770
123 1877 4957
124 1885 1477
125 7266 4578
126 7762 3664
127 3424 1261
128 9433 8509
129 6822 4685
130 1823 3415
131 5749 5384
132 1895 6872
133 6908 5350
134 8323 2022
135 9232 7296
136 6078 1565
137 6019 5011
138 5193 2199
139 7390 4227
140 2429 1774
141 5182 303
142 9715 9198
143 2599 9318
144 4163 9630
145 4160 7787
146 1432 7591
147 553 8482
148 5622 29
149 3254 3604
150 6034 4228
151 2322 5374
152 480 5983
153 361 4687
154 3636 3329
155 2790 7159
156 4555 6393
157 661 364
158 7476 4275
159 6060 5693
160 2737 2251
161 3180 3246
162 4809 7662
163 6917 9296
164 1778 3522
165 15 8658
166 8197 6192
167 7950 4382
168 7696 8759
169 6009 4695
170 8466 5605
171 6164 2384
172 7822 4469
173 6137 4337
174 4659 8599
175 3857 9824
176 6092 9055
177 417 29
178 705 2464
179 7477 2767
180 4493 9945
181 6160 8108
182 9960 554
183 9251 9863
184 2938 6565
185 5714 2527
186 9729 1966
187 9392 1409
188 5171 6503
189 1261 6231
190 1699 7013
191 7195 2248
192 2751 5365
193 6340 4662
194 401 3091
195 5121 7762
196 8182 52
197 2085 2241
198 1859 6953
199 6606 9149
200 7028 7509
201 9185 9771
202 378 3287
203 6860 6947
204 7898 7946
205 7868 7562
206 8920 7429
207 7891 5980
208 4837 3698
209 3629 7561
210 2318 7308
211 2914 4258
212 9802 6514
213 5472 9725
214 6452 7739
215 9687 3338
216 5427 2733
217 736 5398
218 2613 7861
219 8185 4555
220 1367 8105
221 5184 9790
222 6296 2712
223 2198 7585
224 8797 7386
225 7298 8051
226 5328 5997
227 9275 7633
228 7389 829
229 252 2927
230 7948 558
231 1769 5629
232 5650 1130
233 4679 5362
234 3841 2738
235 9058 4772
236 9746 2920
237 6715 1530
238 4427 5038
239 3729 9020
240 3797 9491
241 2543 5707
242 5603 61
243 4827 5326
244 7790 3031
245 3785 9398
246 6730 2975
247 6570 5364
248 1799 3060
249 3480 7298
250 312 7791
251 702 1766
252 2831 8238
253 5397 370
254 7985 6688
255 2345 2486
256 9604 3793
257 6805 7167
258 436 360
259 6479 2417
260 9024 1337
261 7908 3576
262 8122 3512
263 5917 8563
264 2781 9277
265 1653 5336
266 445 1203
267 3752 4800
268 4427 6563
269 5205 9718
270 9829 5710
271 4737 9640
272 4 8219
273 1276 4896
274 6230 6426
275 6605 9024
276 1072 1616
277 8366 7409
278 5029 9700
279 3599 2410
280 6886 7250
281 6547 4372
282 3289 4987
283 3842 2723
284 5738 2175
285 9096 9489
286 997 8596
287 7979 3615
288 6965 5192
289 6478 385
290 8107 1754
291 8155 766
292 4530 8638
293 3040 850
294 664 7461
295 6859 2785
296 9399 8268
297 4404 3136
298 1656 6631
299 8411 3446
300 7062 4263
301 7798 8535
302 7490 4459
303 1374 9050
304 815 9156
305 9774 3092
306 5568 3013
307 9905 7157
308 548 4298
309 6669 1211
310 7758 4805
311 3736 2432
312 7692 838
313 8591 4053
314 9090 8831
315 1028 850
316 8342 7319
317 2600 2596
318 179 7234
319 6705 3350
320 5570 524
321 2870 4413
322 3784 7675
323 1865 5889
324 5391 9940
325 2714 4425
326 6245 1919
327 1754 9279
328 4015 2855
329 9056 3697
330 9945 655
331 9027 5292
332 2230 2679
333 5881 1966
334 8328 5503
335 4544 6228
336 3775 490
337 894 8543
338 659 312
339 3352 6814
340 4956 5187
341 3537 5722
342 2608 4396
343 5656 2524
344 7281 9942
345 487 396
346 1890 9714
347 2250 1726
348 7347 953
349 3767 2134
350 5660 7765
351 5151 786
352 5868 3455
353 2496 5145
354 5632 7563
355 5373 8357
356 6913 1134
357 7666 7636
358 9681 4769
359 7267 4643
360 4993 5900
361 9181 8849
362 3053 8722
363 1297 3184
364 7832 9555
365 603 1042
366 4731 906
367 661 6826
368 8044 8770
369 260 6454
370 2522 8582
371 8134 3889
372 6116 801
373 4387 6992
374 3948 6407
375 7611 8907
376 2102 9731
377 5361 5126
378 8581 4633
379 1753 7376
380 9 2695
381 5988 2166
382 30 4392
383 5089 6476
384 1261 9165
385 6927 560
386 2044 9602
387 835 9137
388 9230 2673
389 1472 856
390 4374 519
391 8028 4994
392 4409 2649
393 5704 7800
394 3541 3241
395 1833 1588
396 2624 3131
397 6117 8265
398 4767 9084
399 1219 8547
400 6538 5784
401 1763 9394
402 673 1851
403 4744 8810
404 4360 7975
405 285 675
406 7073 3201
407 2454 4473
408 1545 6438
409 5574 684
410 7178 2316
411 554 5688
412 4907 3298
413 6343 501
414 3096 535
415 2737 4846
416 4465 7615
417 6125 2688
418 7566 2586
419 1450 6329
420 3781 1940
421 8117 9308
422 9192 9836
423 8645 5113
424 1210 1715
425 3970 7100
426 7937 8727
427 5816 5258
428 7277 4160
429 1770 8292
430 7385 6799
431 6208 9346
432 1702 5075
433 2539 1906
434 3514 8817
435 4752 1963
436 8884 1172
437 3319 4705
438 8134 1516
439 3313 1514
440 533 5809
441 5489 3057
442 4309 9850
443 357 9813
444 5917 6586
445 3169 6978
446 2336 4326
447 8296 1605
448 263 1813
449 4000 8712
450 47 6524
451 1699 5752
452 3237 655
453 5246 1565
454 5261 3370
455 3211 9243
456 8891 5348
457 7488 6439
458 665 8406
459 1815 9046
460 7913 9995
461 5120 7203
462 7013 6957
463 3568 3652
464 5255 5732
465 2325 3098
466 5739 4736
467 3754 6209
468 9451 5082
469 6878 4032
470 6976 7431
471 7098 1834
472 330 9417
473 5006 1654
474 1526 7984
475 7870 184
476 640 725
477 1371 9911
478 5531 6898
479 6047 433
480 5741 4527
481 4843 3343
482 1641 5898
483 1847 6088
484 3859 8450
485 5147 6413
486 7566 6849
487 9999 2563
488 7284 8519
489 9666 2751
490 8196 3192
491 2188 6814
492 3592 3590
493 7627 7366
494 6866 8253
495 1669 2011
496 2723 1356
497 7131 3550
498 7132 3953
499 4550 6011
500 5152 1145
501 4077 1647
502 9057 1395
503 8285 2531
504 2700 1517
505 2516 6712
506 9534 4647
507 9163 3815
508 8176 189
509 8746 9224
510 2486 5586
511 7558 9787
512 2197 4212
513 7573 6349
514 5019 8810
515 3991 4107
516 1043 4349
517 7421 5177
518 3545 5941
519 1538 6867
520 9362 2676
521 6256 6637
522 5716 3843
523 7211 2120
524 3090 5143
525 5254 7175
526 431 5034
527 9475 7212
528 4476 1848
529 6599 2808
530 2307 3537
531 1765 1993
532 7248 7386
533 9888 1656
534 4184 9449
535 7965 17
536 6728 948
537 144 7428
538 4969 4277
539 6992 9217
540 7429 6244
541 4541 8146
542 8677 2863
543 1186 9440
544 7760 5060
545 2190 5384
546 4217 4807
547 4438 5707
548 987 5067
549 5841 139
550 2291 3970
551 3956 796
552 8288 1021
553 357 9312
554 5690 7690
555 536 3214
556 700 1400
557 286 9612
558 6607 871
559 7996 5465
560 6727 4756
561 2044 4924
562 6988 7728
563 16 1794
564 9632 2327
565 5801 36
566 2622 1772
567 8778 2740
568 4386 5194
569 151 5219
570 1383 6201
571 5450 8813
572 7280 7981
573 4203 2154
574 6143 3196
575 825 5004
576 2125 2769
577 3828 5064
578 2998 16
579 8445 1307
580 2793 6600
581 1679 6395
582 9965 1615
583 3353 4772
584 1864 2501
585 1886 7193
586 4231 2339
587 5303 1608
588 4095 7167
589 3795 1511
590 7729 4845
591 5518 8407
592 7674 7566
593 9752 1653
594 2600 161
595 1246 5826
596 835 3526
597 2043 7010
598 5923 2690
599 7062 2995
600 6713 6143
601 3511 7130
602 7508 2634
603 3971 9956
604 2656 1228
605 881 6166
606 9568 3915
607 4441 4079
608 719 1020
609 7272 1970
610 557 7068
611 1499 4500
612 5300 743
613 193 2506
614 9922 7776
615 6584 7275
616 3531 7970
617 1221 3004
618 2699 4408
619 3201 2660
620 7955 5059
621 5123 8363
622 3091 9518
623 301 6440
624 874 9086
625 5817 1850
626 6585 7747
627 1819 4899
628 9388 9866
629 1114 8108
630 1696 3926
631 4916 9334
632 7734 6860
633 6170 9439
634 1006 4392
635 4050 1788
636 341 2461
637 9855 6572
638 88 2957
639 8007 6354
640 5506 7952
641 1345 2093
642 2256 9559
643 6444 4176
644 8814 2101
645 4963 3797
646 3655 2260
647 1407 639
648 3895 8739
649 7777 3858
650 4116 352
651 9993 9061
652 7618 1879
653 1835 1541
654 2879 5775
655 7270 7849
656 2817 3141
657 5446 2906
658 4897 6368
659 5092 9018
660 4110 4092
661 5264 2146
662 7697 7726
663 148 6802
664 6660 487
665 7623 8755
666 2527 7598
667 1173 6287
668 5343 9468
669 3878 8359
670 8474 1421
671 1316 7430
672 108 4253
673 8522 2942
674 3980 598
675 6884 6145
676 2415 7135
677 9181 7805
678 4575 2726
679 9128 5515
680 8305 609
681 3028 9124
682 7854 596
683 5126 23
684 4483 5259
685 3591 3440
686 3189 433
687 7877 2766
688 2537 2092
689 3450 1297
690 4362 305
691 5122 762
692 4143 2477
693 7483 9929
694 8567 8201
695 2491 8087
696 9601 9728
697 4350 5007
698 7785 4723
699 952 8670
700 2815 5298
