300
1 5079 581
2 7973 1458
3 4639 2667
4 2311 7823
5 6290 2694
6 6566 1776
7 9550 7413
8 9970 7273
9 9336 6790
10 650 9393
11 1361 9637
12 8809 4338
13 8256 866
14 2905 9577
15 1145 2986
16 5291 7298
17 1481 57
18 2256 4554
19 7073 4977
20 6038 9613
21 1821 7465
22 1124 6515
23 1486 755
24 7733 7464
25 5225 1368
26 5747 1032
27 6023 9330
28 7943 7030
29 8942 4565
30 2522 5259
31 4197 9285
32 6364 6155
33 5551 2020
34 3838 2025
35 5327 3567
36 4167 1088
37 2986 8907
38 7124 5457
39 6507 6884
40 3924 3146
41 646 8265
42 4141 4916
43 1645 7480
44 9332 9999
45 6778 9736
46 8644 3024
47 3562 4091
48 7238 2217
49 517 2050
50 2316 6056
51 542 3843
52 6102 1777
53 579 7126
54 5147 7634
55 4277 1992
56 8936 1382
57 8890 6670
58 9057 5185
59 5940 8529
60 7256 5136
61 7032 2489
62 8387 560
63 4409 3044
64 7364 9653
65 4936 7971
66 1606 7877
67 8491 1216
68 2570 6020
69 7277 4149
70 1560 4336
71 9129 7236
72 9964 5401
73 4823 6483
74 5436 1415
75 9413 2850
76 6401 6746
77 2224 9822
78 4867 2490
79 9270 1703
80 5321 3301
81 9591 9830
82 8354 8946
83 1193 951
84 2393 4901
85 6894 6433
86 7138 7720
87 2135 1854
88 1250 5817
89 9246 7399
90 5532 5909
91 3886 7235
92 6241 9160
93 5417 8120
94 1792 5280
95 4893 9567
96 2890 481
97 1967 2777
98 3926 4127
99 3207 7214
100 9833 9560
101 670 8108
102 9685 7290
103 7579 2714
104 7402 2537
105 2028 9542
106 444 6000
107 7617 4276
108 6790 7592
109 5733 4032
110 258 4129
111 7629 4765
112 3029 4934
113 2006 4944
114 3256 672
115 6135 1987
116 9454 954
117 37 4365
118 4995 9077
119 1053 1050
120 4328 586
121 2322 756
122 1825 1067
123 2786 7774
124 7535 6983
125 6214 8571
126 8528 8805
127 620 9344
128 2811 1954
129 6446 4219
130 6138 4933
131 6662 7132
132 9779 9606
133 9348 9078
134 1304 1085
135 3370 5749
136 3827 2651
137 1341 7451
138 8198 4387
139 5753 1959
140 1078 1889
141 2021 6706
142 8951 2880
143 1693 8818
144 9015 2580
145 3916 6307
146 21 2987
147 7727 251
148 7771 2935
149 425 183
150 7722 7121
151 2593 7923
152 3635 1058
153 8280 4847
154 6681 4914
155 3386 3714
156 8680 356
157 7637 1832
158 2045 3399
159 9867 3341
160 8944 6514
161 3010 6988
162 4881 5032
163 9106 8483
164 5383 8939
165 5015 5915
166 9596 9054
167 9934 6358
168 853 9986
169 9028 7242
170 561 1749
171 3590 3024
172 1512 9573
173 7837 9593
174 3863 3708
175 7671 436
176 4232 4957
177 8245 5300
178 7655 4047
179 3757 2943
180 7937 2843
181 8305 5210
182 7912 4220
183 8376 5523
184 1131 8110
185 7639 7965
186 1756 1603
187 2811 1246
188 4942 5006
189 7530 9573
190 6648 318
191 5361 7943
192 9560 7623
193 7443 884
194 5313 3317
195 4230 8817
196 787 4768
197 5149 652
198 3497 9620
199 2936 6692
200 7274 6563
201 9386 9210
202 1277 8329
203 5232 6197
204 7189 3628
205 4285 5146
206 164 2461
207 5134 8703
208 322 398
209 2018 4217
210 2339 6126
211 3710 9342
212 8808 947
213 2440 6584
214 8715 8907
215 544 8395
216 9687 2825
217 1245 4881
218 6622 197
219 6128 1108
220 8230 7777
221 3208 8582
222 3212 1160
223 2427 8076
224 1576 1105
225 2425 9258
226 2630 4471
227 3356 3952
228 857 1860
229 7365 2370
230 3125 7527
231 7219 7144
232 9492 8154
233 9602 8303
234 9832 1183
235 4620 3067
236 3798 4806
237 3392 7628
238 3663 5458
239 8079 43
240 1927 687
241 2130 297
242 8291 866
243 9834 1630
244 5984 1304
245 5687 3680
246 3817 89
247 9781 5984
248 2090 9638
249 8985 8655
250 8829 6257
251 5141 748
252 1546 2082
253 3833 1155
254 3381 1713
255 976 3244
256 8903 4950
257 3544 40
258 6593 8443
259 4350 3560
260 2069 5616
261 6433 2758
262 1550 3587
263 2450 3305
264 1588 4872
265 757 7627
266 8185 7371
267 1256 5289
268 4258 9274
269 8056 3652
270 3270 1970
271 6568 9197
272 5784 1430
273 9906 306
274 5721 7815
275 9330 9648
276 3064 4867
277 9860 7919
278 3401 5839
279 7317 597
280 7409 2666
281 991 993
282 8007 4797
283 1558 754
284 8972 5196
285 4519 9849
286 5922 5108
287 6956 444
288 9719 5141
289 3843 899
290 5525 4468
291 1355 5065
292 4854 7469
293 8811 586
294 7118 4885
295 6392 3937
296 7713 4557
297 7359 7043
298 4362 7129
299 9275 7799
300 6221 5511
