100
1 7768 6288
2 6927 5143
3 5730 4159
4 2944 1728
5 3412 8910
6 7985 9632
7 456 7399
8 4544 9529
9 5194 701
10 5488 7761
11 4176 8379
12 7674 6162
13 8564 4592
14 782 9222
15 3988 9546
16 2057 5800
17 3058 6504
18 3991 9471
19 8977 1998
20 7235 9702
21 2381 9863
22 2992 1091
23 3436 1286
24 1762 1924
25 2472 4211
26 7436 4692
27 6888 2510
28 2776 9434
29 7142 6273
30 4949 5200
31 3707 9492
32 2407 3885
33 2157 5563
34 8140 8325
35 2174 9510
36 9035 648
37 7112 9637
38 7249 1987
39 6280 7378
40 7429 5328
41 993 306
42 2843 4371
43 9743 9222
44 7828 9600
45 5442 5439
46 8785 6945
47 4973 2571
48 5690 6174
49 9217 2038
50 9829 1741
51 2429 4572
52 6088 771
53 9827 7610
54 1797 7897
55 666 9791
56 1088 5989
57 1495 546
58 3188 7773
59 5479 6838
60 1772 1427
61 5440 6165
62 158 9070
63 7062 4299
64 8868 9173
65 2135 3730
66 8599 5041
67 6474 3804
68 9712 6258
69 8950 6004
70 8195 9841
71 9721 5411
72 5795 4186
73 9892 7479
74 348 374
75 7545 3949
76 1680 6974
77 5037 1932
78 841 7608
79 8690 1812
80 9165 5185
81 7615 5340
82 7671 8338
83 6517 4831
84 8912 8600
85 8765 4536
86 4 1129
87 8518 2681
88 5670 2513
89 9638 6460
90 5837 2370
91 6648 6991
92 2724 8148
93 2235 9460
94 4567 8302
95 2806 1199
96 1487 6302
97 5032 6652
98 635 1645
99 2987 8238
100 7621 3038
