250
1 346 1065
2 2365 2460
3 816 9107
4 5498 3127
5 3996 2650
6 8209 8353
7 9929 3798
8 5220 8792
9 5397 1239
10 3738 6079
11 7432 1086
12 6662 4155
13 7189 3134
14 9960 6459
15 6020 2889
16 6968 1024
17 3848 4886
18 328 7756
19 5965 390
20 5152 7929
21 7947 6253
22 2676 4009
23 3441 392
24 1768 9371
25 5436 5770
26 5493 4051
27 3939 3983
28 5862 1879
29 2159 8723
30 3080 1785
31 9976 6642
32 4465 2845
33 1621 6157
34 9737 4332
35 2885 5307
36 4941 1045
37 3673 1474
38 4877 3406
39 7562 6870
40 9454 4810
41 4008 6238
42 6925 3220
43 8744 7835
44 5330 5123
45 6530 8688
46 5119 3583
47 6483 5023
48 6014 7583
49 870 2596
50 5405 2737
51 9037 550
52 504 7012
53 7472 6385
54 5391 8819
55 1161 318
56 6571 8379
57 7277 3951
58 6073 6964
59 8339 1496
60 7066 4171
61 3255 2545
62 7280 4436
63 4365 3179
64 8723 5443
65 8343 5256
66 2230 2730
67 2771 6530
68 6360 4989
69 9708 8765
70 3577 9843
71 3702 1636
72 6637 8210
73 1567 5708
74 8073 8315
75 6070 8061
76 2513 9333
77 136 2527
78 138 5856
79 5525 748
80 3589 2231
81 5453 6166
82 6135 9619
83 1121 5925
84 9390 3974
85 3750 4034
86 6027 2551
87 8841 5240
88 5884 5297
89 3972 9624
90 4552 7934
91 7256 9842
92 2270 8288
93 2488 1415
94 2118 7582
95 3286 351
96 6315 4332
97 1335 3949
98 6120 4511
99 8809 2542
100 5687 2547
101 3128 5994
102 1326 8265
103 7478 9734
104 8970 4692
105 6412 975
106 4675 2148
107 7116 4846
108 6391 2857
109 1517 6858
110 6729 7475
111 4660 5102
112 9707 659
113 1002 1337
114 5263 5944
115 7271 3124
116 4007 1720
117 74 4409
118 7541 7437
119 1848 6242
120 8181 3235
121 2686 7474
122 1215 5033
123 1954 1159
124 6397 8131
125 6045 6007
126 1607 9653
127 5856 2582
128 307 7051
129 1889 9180
130 3858 895
131 4756 3876
132 2437 712
133 4598 8918
134 4938 3835
135 63 7794
136 1460 9759
137 6734 4338
138 2442 8927
139 5939 5245
140 3776 4597
141 1794 1361
142 531 7849
143 89 9631
144 984 6293
145 6141 650
146 6380 1712
147 7722 5221
148 4975 2109
149 9910 4523
150 7483 6648
151 5292 968
152 6720 151
153 1986 6755
154 3956 3399
155 5775 1303
156 7876 9223
157 9929 364
158 3628 5920
159 3151 881
160 563 4985
161 6438 6599
162 7429 4590
163 2007 4193
164 965 7514
165 8905 5160
166 8791 6372
167 8194 914
168 5087 9972
169 2644 5592
170 4640 261
171 5420 9576
172 2176 4651
173 6123 4954
174 5173 5248
175 5604 8697
176 2205 5904
177 7160 7302
178 6740 4480
179 5596 591
180 8921 6113
181 5198 6333
182 2542 4228
183 2116 3563
184 9247 2038
185 3233 8747
186 2336 6759
187 4999 3595
188 5052 2553
189 635 2991
190 6137 5090
191 3454 5314
192 1036 5776
193 4212 7867
194 7584 8762
195 204 4347
196 3236 6855
197 2107 2645
198 6905 8028
199 6257 3027
200 4820 3699
201 1602 3509
202 3145 5424
203 8375 6999
204 3773 2104
205 660 2209
206 2637 2369
207 8559 1156
208 2425 4624
209 5256 360
210 8810 5769
211 4210 9459
212 171 9512
213 3509 2466
214 4847 8457
215 949 9810
216 1687 3057
217 4314 2781
218 2218 3226
219 5801 7057
220 4817 5195
221 6635 1563
222 1766 4076
223 4799 4262
224 8555 8137
225 5326 2525
226 6718 435
227 1102 6119
228 5854 3861
229 9266 7520
230 220 52
231 3069 2317
232 1283 9579
233 2951 8211
234 9972 3072
235 9762 5177
236 1759 5538
237 1791 1055
238 5735 8717
239 3783 876
240 8164 176
241 9025 3771
242 4696 3412
243 3725 8059
244 7693 5285
245 9221 7905
246 3380 8756
247 119 1952
248 2958 1188
249 4346 7437
250 1971 8206
