650
1 8822 8300
2 894 1890
3 935 6754
4 2724 834
5 9458 5090
6 2441 2566
7 5458 2312
8 222 5705
9 8707 7787
10 9250 7498
11 9855 6472
12 1823 7542
13 3183 131
14 8662 5782
15 2637 3465
16 5668 1328
17 822 3195
18 6637 8608
19 31 4829
20 7104 3603
21 7493 6872
22 375 7028
23 4904 1184
24 6543 7215
25 7018 7266
26 1280 3079
27 2330 3600
28 1071 2640
29 1246 7157
30 5039 4503
31 2479 5875
32 3937 7149
33 7738 1314
34 2134 8427
35 2783 1204
36 7106 2128
37 3679 3790
38 2796 6595
39 7235 8163
40 1297 6996
41 3252 9050
42 4259 3731
43 3544 2498
44 3062 700
45 9347 2920
46 2085 2156
47 9006 3149
48 8637 6345
49 8455 5248
50 8751 8762
51 5048 5389
52 9956 2838
53 2347 9286
54 3495 2259
55 3093 2085
56 9452 6715
57 1254 5530
58 2641 2369
59 3124 8762
60 6976 188
61 3324 8322
62 2439 6919
63 6502 3370
64 1577 9079
65 3709 9803
66 561 6995
67 6528 4634
68 2081 6043
69 36 4729
70 3999 1156
71 4087 5083
72 6070 3259
73 3058 3997
74 5125 3233
75 7598 1908
76 9968 3248
77 2295 5205
78 9257 1869
79 2320 200
80 8436 2579
81 8804 3169
82 1376 1674
83 265 414
84 3016 2491
85 3477 493
86 2310 6568
87 517 1158
88 8421 4596
89 5874 810
90 6686 9792
91 526 5867
92 7477 6359
93 9272 7013
94 8444 4611
95 2170 7622
96 1599 9798
97 6986 9507
98 9834 2189
99 4353 9783
100 5236 5694
101 9967 4153
102 8912 5421
103 7985 1103
104 8941 8492
105 9343 5899
106 8061 9412
107 378 8171
108 6496 3944
109 698 8405
110 2139 8751
111 2880 9110
112 8851 5314
113 8263 2000
114 8492 439
115 227 3032
116 958 3642
117 7204 2358
118 6235 9200
119 9815 1396
120 511 3559
121 9641 965
122 6029 6177
123 6392 423
124 6763 9654
125 745 2576
126 5722 3979
127 2037 4357
128 3632 1698
129 8044 2502
130 2375 9843
131 9396 6263
132 5058 576
133 3712 9716
134 3379 4550
135 3447 7060
136 5467 4604
137 9817 7023
138 5333 1381
139 4616 7365
140 6733 8508
141 5068 9075
142 472 3170
143 7923 4166
144 671 2680
145 4009 8692
146 7654 6700
147 6298 2634
148 1409 4707
149 3442 7723
150 3559 246
151 8659 3057
152 7351 6624
153 3117 1119
154 5563 8540
155 9745 4622
156 385 5477
157 4498 8133
158 1209 7418
159 9575 662
160 2591 1997
161 4254 3781
162 3229 7125
163 1935 8057
164 7708 5718
165 453 3134
166 9893 7674
167 6738 495
168 4288 7786
169 7468 918
170 5378 3074
171 8749 2165
172 1509 1969
173 6081 70
174 2248 3006
175 4091 7322
176 3441 5310
177 1130 8074
178 7755 5719
179 394 2262
180 8164 7459
181 3006 7777
182 998 6197
183 9965 2417
184 4213 8269
185 9326 1336
186 4088 3016
187 4951 8533
188 8808 7503
189 135 3013
190 5671 2684
191 1236 8516
192 4847 4027
193 6761 2048
194 1451 4274
195 3065 5613
196 8954 1483
197 9584 832
198 4223 2143
199 879 7847
200 229 9738
201 9819 5514
202 6714 5870
203 116 9361
204 2199 4037
205 1303 3122
206 1284 6466
207 3329 5078
208 1741 9117
209 1542 8263
210 1082 8650
211 8888 9725
212 9196 7327
213 1796 5404
214 2156 745
215 4597 8881
216 42 424
217 6082 9073
218 7735 2231
219 3481 9770
220 9540 9534
221 7935 5393
222 682 8359
223 8411 6119
224 6684 8717
225 6341 7891
226 6135 3792
227 2395 6048
228 5306 2673
229 946 4770
230 3016 1401
231 1917 673
232 2667 9147
233 2955 7794
234 117 7321
235 4609 3913
236 9114 6179
237 6951 91
238 280 5024
239 1410 4154
240 7556 6261
241 823 4332
242 6344 1802
243 9799 28
244 5714 9720
245 995 3679
246 5830 6086
247 6926 1053
248 75 6982
249 4192 4209
250 3471 9367
251 4099 184
252 5421 3804
253 9146 2797
254 6091 4425
255 191 1204
256 8185 5992
257 2238 5049
258 8222 7526
259 3813 3658
260 6265 8502
261 784 9957
262 1748 513
263 3063 2058
264 3438 9320
265 8979 42
266 5890 8189
267 5826 9240
268 9377 5378
269 7916 9540
270 4037 1267
271 3318 2291
272 1430 1490
273 8009 9247
274 5291 3261
275 8811 5288
276 885 2366
277 298 260
278 3510 6028
279 2026 3522
280 8210 9574
281 4609 3860
282 2309 1042
283 1885 4988
284 5630 7199
285 4373 5310
286 1406 4142
287 7873 5053
288 6106 1514
289 3580 7550
290 877 4595
291 8792 1332
292 9185 6440
293 9198 8785
294 4866 4794
295 4852 833
296 6472 4794
297 6354 211
298 6535 1544
299 5905 9620
300 6480 369
301 5443 7366
302 5263 1529
303 2899 1931
304 8091 9067
305 8770 8450
306 7528 594
307 8540 2513
308 2741 8079
309 8588 6941
310 4870 2463
311 6197 2664
312 133 9133
313 1537 503
314 4860 7698
315 52 6504
316 1930 1097
317 3397 5162
318 9308 6621
319 1647 5759
320 1392 9332
321 9184 6463
322 9639 8874
323 5519 3285
324 2539 7905
325 6090 8278
326 9301 4422
327 6527 4568
328 6591 3260
329 2258 4810
330 1235 5989
331 7006 4964
332 3749 6393
333 7868 3805
334 2227 4411
335 1708 1543
336 9427 9293
337 899 8588
338 4260 1164
339 2010 2383
340 4131 2821
341 7253 916
342 5910 8131
343 2857 8799
344 6468 9261
345 7509 3989
346 7574 394
347 4735 8008
348 8793 7967
349 6105 3104
350 6038 5910
351 1140 5823
352 6750 3524
353 9983 7731
354 7538 1922
355 2787 2566
356 3492 276
357 3377 6873
358 7012 7132
359 9666 377
360 3676 5041
361 5097 3692
362 3592 159
363 7460 1267
364 6892 6791
365 9645 5675
366 5798 4858
367 1220 9993
368 9825 8320
369 5921 2739
370 1963 341
371 5582 5812
372 428 5138
373 6587 4346
374 712 6963
375 90 5771
376 6633 6317
377 4388 9029
378 2566 5235
379 3566 4965
380 3580 9889
381 6740 1649
382 196 8302
383 7001 5540
384 2417 4709
385 7571 1051
386 3682 9940
387 4798 1483
388 409 7721
389 9265 5294
390 2016 5702
391 1646 7931
392 30 6331
393 9718 6143
394 1765 9143
395 3612 8008
396 2955 3561
397 1412 802
398 1760 7288
399 7728 839
400 3648 2937
401 4812 2331
402 2804 8098
403 2979 789
404 9047 7598
405 6087 564
406 8102 4530
407 3071 6431
408 9197 8623
409 4846 9898
410 8472 3729
411 8503 1726
412 1279 9228
413 4581 8565
414 6542 9197
415 7184 3951
416 7268 7790
417 4308 3849
418 9245 4391
419 3617 1526
420 1237 9877
421 4413 3566
422 6608 6814
423 8216 9134
424 2462 9437
425 5663 6900
426 2173 6432
427 524 4133
428 9549 7531
429 4091 1019
430 4929 4873
431 8992 8645
432 2740 2982
433 796 3046
434 1590 3359
435 1225 635
436 4564 5771
437 8676 2001
438 2414 3702
439 7861 3360
440 9807 7906
441 2778 8406
442 1708 1703
443 6272 5059
444 4805 9864
445 1585 5946
446 8447 3472
447 7305 9603
448 7499 6597
449 8936 5337
450 216 8941
451 4150 2205
452 5121 2384
453 9463 6158
454 4492 165
455 166 6827
456 4154 8163
457 7943 6356
458 5248 9958
459 2449 5089
460 1544 920
461 8006 2372
462 3685 2266
463 8582 6704
464 8111 3415
465 9864 7304
466 39 9658
467 9487 2661
468 8838 4358
469 7630 2048
470 4270 4984
471 5174 3051
472 1779 8593
473 5884 4333
474 6244 6254
475 1717 7963
476 2902 7672
477 6811 9757
478 7630 9941
479 7053 7134
480 1673 5811
481 1976 7033
482 192 8074
483 1316 9045
484 3784 3489
485 4371 8445
486 3630 1724
487 2212 5793
488 1604 4509
489 6606 7954
490 2313 2256
491 3422 374
492 2149 9814
493 8704 9670
494 1672 5848
495 2497 855
496 2590 9310
497 6975 2526
498 8778 5522
499 6571 6109
500 8446 5078
501 6436 8229
502 2962 3357
503 6713 6446
504 1132 8240
505 6326 6743
506 3044 3171
507 6248 261
508 9269 1821
509 9110 7545
510 2364 4867
511 3077 8152
512 95 9599
513 4147 9795
514 1638 6527
515 8220 8078
516 4543 8864
517 5851 7038
518 3315 2295
519 519 8574
520 3398 643
521 1541 2440
522 8340 8228
523 559 8868
524 3344 5872
525 1016 6770
526 2462 8811
527 5636 4078
528 3607 6385
529 3795 1688
530 8216 1247
531 4744 7766
532 8350 8239
533 2518 5890
534 4156 4227
535 1033 6268
536 2713 9930
537 5230 5050
538 3942 5075
539 1931 7473
540 2384 879
541 4134 7428
542 2326 2567
543 6941 5489
544 976 1577
545 1341 3525
546 5342 8821
547 4750 2136
548 650 6590
549 7829 171
550 9305 8085
551 9740 685
552 5337 8623
553 5283 3481
554 9589 6757
555 2532 8488
556 6130 1720
557 9891 9412
558 1929 1652
559 9884 5773
560 7899 1776
561 2808 1217
562 7618 2162
563 6215 4040
564 3103 5052
565 2006 1038
566 6156 7857
567 2062 8575
568 9005 8938
569 4096 84
570 3357 2898
571 7606 5739
572 1596 185
573 4630 3759
574 192 2997
575 4538 6847
576 7562 4913
577 2053 5832
578 9122 6599
579 6205 3578
580 2657 3275
581 2453 5699
582 7187 4022
583 5446 7360
584 2467 7223
585 3840 6882
586 3942 3073
587 9380 2778
588 2144 7959
589 3231 4049
590 910 6595
591 1772 3242
592 9463 2955
593 4249 7350
594 2588 639
595 3476 9089
596 8083 3013
597 9391 8935
598 2135 1584
599 660 9961
600 1476 5327
601 1310 5240
602 169 8248
603 1907 261
604 744 5624
605 1812 7135
606 4251 9285
607 9586 6021
608 3671 9149
609 287 7762
610 3861 6808
611 9453 3181
612 2445 4727
613 4693 3635
614 8501 9630
615 5160 6495
616 7608 7852
617 9981 6928
618 5174 2907
619 7519 6266
620 7853 1160
621 469 1121
622 4339 9241
623 7426 2936
624 5901 8768
625 4943 553
626 5353 4915
627 4060 4441
628 5172 7937
629 4942 3918
630 7050 5696
631 6961 1102
632 9531 4628
633 5947 2243
634 2962 5644
635 5548 7537
636 8962 8245
637 2124 5202
638 1852 3313
639 3258 2943
640 5754 8263
641 3034 9426
642 7101 5178
643 9350 155
644 3856 6008
645 8437 1688
646 7823 2830
647 1850 784
648 5832 7285
649 2932 9883
650 6155 7955
