450
1 840 929
2 864 67
3 4432 8286
4 6135 4374
5 9561 8308
6 1672 1085
7 8411 142
8 7795 3925
9 95 1123
10 4652 9778
11 5519 1479
12 9687 8885
13 9222 572
14 6212 4410
15 8118 1268
16 3561 4967
17 1043 3336
18 4817 6017
19 8748 6846
20 930 225
21 6593 5638
22 4709 5886
23 8930 579
24 2974 7595
25 4183 197
26 1042 4113
27 5133 1216
28 3152 2443
29 7276 504
30 1381 2147
31 8249 481
32 2028 8680
33 7104 6507
34 2782 8616
35 2127 4006
36 1088 3445
37 6856 1900
38 2715 5267
39 869 8350
40 2687 9432
41 2539 4985
42 8670 7257
43 6789 5953
44 3409 8576
45 5485 9809
46 3920 938
47 8154 8876
48 9312 1232
49 8266 6380
50 8473 5112
51 7038 9554
52 5107 1902
53 7072 4660
54 6623 5556
55 9316 909
56 8814 3938
57 5122 6960
58 799 5994
59 3147 5382
60 5000 4709
61 9303 6080
62 3279 859
63 6155 438
64 6194 3626
65 6708 7597
66 760 7095
67 861 4228
68 1077 7221
69 2592 4248
70 3393 4974
71 4174 6459
72 294 5181
73 1558 333
74 5742 2499
75 2351 3663
76 6743 4096
77 4578 3683
78 8637 8918
79 8684 6706
80 6407 8407
81 3283 2205
82 9677 7575
83 777 1305
84 6904 5464
85 4976 9784
86 9641 6774
87 3761 3274
88 9324 7806
89 6458 1943
90 2508 2628
91 131 402
92 8057 1781
93 8565 9075
94 2695 3329
95 3016 355
96 509 2046
97 9521 2693
98 7897 1532
99 2198 4229
100 4142 2942
101 8377 3683
102 7894 6480
103 5017 5691
104 4653 3079
105 1502 6694
106 3417 7584
107 1167 3550
108 3136 5258
109 9802 3848
110 8449 3719
111 8612 9093
112 6770 6667
113 7389 8373
114 4963 52
115 4393 6075
116 1339 3676
117 2511 7546
118 4184 2258
119 9242 2603
120 3704 5619
121 688 4441
122 7387 3670
123 6085 7146
124 3372 2438
125 6761 7035
126 9533 7482
127 9452 7536
128 6910 2253
129 1643 9754
130 507 4686
131 7338 8245
132 182 2806
133 7179 6486
134 4858 3863
135 7114 4701
136 5489 3630
137 2474 8856
138 9395 3155
139 6417 8559
140 1791 8056
141 4449 5988
142 2833 9110
143 2872 5783
144 8537 393
145 4215 3371
146 3707 386
147 6492 3311
148 6333 3128
149 2111 628
150 6566 7272
151 1244 5464
152 2526 3108
153 2343 6347
154 2610 3664
155 2444 930
156 8616 5130
157 1944 134
158 2443 4960
159 4631 3320
160 4901 3399
161 3456 253
162 7203 3752
163 6786 149
164 9400 1208
165 9721 2779
166 328 3311
167 378 1083
168 9807 3008
169 3147 5978
170 1446 1480
171 1010 3839
172 9647 1294
173 3047 7775
174 3666 7810
175 8874 231
176 5017 3186
177 9346 5463
178 2494 1327
179 6967 5977
180 3205 6153
181 3961 5781
182 7658 8842
183 9735 8770
184 5353 5706
185 8261 3960
186 5649 5102
187 3082 1273
188 2052 6112
189 5109 1764
190 6274 685
191 191 6129
192 1801 4589
193 9898 9162
194 6509 3515
195 2959 9345
196 3122 5579
197 4732 4013
198 6353 2462
199 5980 5793
200 7377 4430
201 7282 8545
202 3185 2002
203 9723 4001
204 1370 1198
205 7156 4887
206 8499 5220
207 8900 3413
208 2243 540
209 87 3875
210 2820 5817
211 6590 1750
212 4027 746
213 7109 6454
214 4929 6922
215 9363 6678
216 8346 8869
217 8824 1751
218 1850 4158
219 1710 8466
220 9195 7206
221 5305 7172
222 5010 313
223 9479 6584
224 6627 4125
225 6142 5662
226 9162 9491
227 4947 1500
228 9242 4156
229 2884 7517
230 9758 1825
231 3320 9347
232 7738 7854
233 7019 3421
234 1110 568
235 9534 6373
236 3196 7085
237 3257 7498
238 3019 9253
239 8783 7270
240 7522 9172
241 9298 4447
242 537 8672
243 3563 2303
244 1968 9188
245 3254 5526
246 9527 1519
247 7295 3328
248 8607 9137
249 8813 1415
250 399 6707
251 7900 2341
252 3797 3513
253 4020 9809
254 2608 9281
255 2196 6326
256 5333 5460
257 3362 3772
258 1039 7433
259 8850 3608
260 97 2920
261 3573 3446
262 9066 4063
263 3909 9536
264 1331 6177
265 9405 4831
266 4572 4917
267 2931 1455
268 5810 3715
269 8800 2033
270 6721 1435
271 4047 3789
272 6679 9701
273 8419 4285
274 5479 8746
275 8427 2012
276 9580 1166
277 2655 3138
278 5979 1888
279 7992 6939
280 760 3006
281 111 5213
282 6995 1216
283 8084 1182
284 8090 7578
285 8332 4323
286 1584 4161
287 7587 8315
288 9748 7448
289 1495 3640
290 7758 8108
291 6607 8790
292 5456 6952
293 4341 7637
294 1256 3680
295 5389 2133
296 8841 9331
297 7738 1898
298 1757 8192
299 1396 517
300 5774 6376
301 963 5578
302 4987 8749
303 223 7245
304 8102 9715
305 4874 8267
306 2803 5653
307 1506 9725
308 9304 8382
309 381 6535
310 1784 3951
311 162 8155
312 7679 1880
313 3782 4076
314 1364 4457
315 459 6439
316 5923 4662
317 5321 9608
318 7393 9888
319 2627 557
320 8011 191
321 1956 4570
322 2963 4591
323 2078 2451
324 4327 4018
325 9385 4842
326 4022 3465
327 7029 1619
328 1463 4234
329 9383 4579
330 6379 3880
331 2784 2127
332 6395 9134
333 1509 396
334 2724 9499
335 5400 3589
336 6289 1223
337 6810 8219
338 9658 851
339 6132 3808
340 8407 6901
341 8076 7895
342 8641 2862
343 3979 7432
344 5207 1618
345 4735 7265
346 7066 1423
347 5865 4548
348 4230 3135
349 1293 3272
350 560 1552
351 3951 868
352 2230 9957
353 2588 8746
354 1280 4433
355 7172 7862
356 994 6604
357 5582 5629
358 4237 7560
359 5582 3346
360 6849 5750
361 2396 5571
362 1043 2885
363 282 3681
364 6200 5247
365 5467 9502
366 6614 7222
367 9275 3463
368 2401 9239
369 9204 8729
370 1899 7633
371 9320 8725
372 6908 8767
373 552 9312
374 8088 3198
375 6056 1289
376 2769 1707
377 263 9955
378 7621 1204
379 1251 2363
380 6252 4182
381 7406 742
382 395 2302
383 8611 2550
384 9066 5075
385 2658 5458
386 611 9900
387 6626 7064
388 1900 3457
389 6787 5407
390 6056 79
391 6840 9621
392 1999 2929
393 6306 8521
394 4007 6379
395 5418 2828
396 7143 6436
397 8999 9591
398 2563 8422
399 786 8370
400 109 9338
401 1619 2853
402 717 8056
403 5335 1356
404 3523 5056
405 8846 3966
406 8385 1272
407 6806 2409
408 7321 8750
409 5844 5129
410 2960 6375
411 9157 6193
412 283 9262
413 7236 7890
414 7376 4001
415 2913 9440
416 6844 9359
417 8065 3948
418 4942 5470
419 1154 8808
420 4355 5977
421 1655 53
422 2267 2348
423 1886 611
424 1667 7291
425 3641 3344
426 9162 8288
427 3744 1858
428 7614 8730
429 7601 1296
430 7502 5335
431 7765 2848
432 2416 7905
433 4080 2272
434 5880 2268
435 261 6352
436 9167 750
437 6210 8058
438 1536 5281
439 5612 3050
440 3563 6936
441 1328 6905
442 5123 9255
443 6639 5617
444 8707 6591
445 8638 1273
446 770 7744
447 1769 5806
448 2417 9873
449 8839 7855
450 3481 4580
