150
1 1150 1823
2 7493 1799
3 1847 1794
4 647 3750
5 6168 3969
6 1475 1960
7 8115 3725
8 5499 2369
9 3127 315
10 7089 7535
11 6879 2567
12 9832 4363
13 9273 2971
14 2081 6149
15 2883 2835
16 4188 1184
17 7837 2886
18 6884 6876
19 9768 8735
20 9981 1104
21 8997 9744
22 214 5342
23 4574 4387
24 7464 12
25 1009 4824
26 7628 8111
27 8797 6752
28 4 4340
29 9577 7581
30 5638 8550
31 2664 1139
32 7671 81
33 513 7701
34 1182 7880
35 9693 7421
36 653 1023
37 724 6074
38 3046 1233
39 1221 57
40 4611 9609
41 5091 3392
42 7549 4851
43 1536 9345
44 4550 1630
45 4897 6889
46 7587 2063
47 4402 2799
48 6782 696
49 3676 3769
50 9948 9093
51 4915 1975
52 8609 4039
53 9958 2297
54 8967 2720
55 1297 5177
56 7324 1969
57 8072 2939
58 4329 9724
59 714 8073
60 8022 1472
61 6213 7822
62 1764 3463
63 371 727
64 7628 7559
65 7829 9596
66 3545 2790
67 8776 2030
68 9276 4524
69 7761 1089
70 617 5262
71 5371 1904
72 7545 4486
73 537 4943
74 9029 1499
75 1503 6739
76 2815 9430
77 7922 9322
78 5599 5757
79 8685 5006
80 9514 4251
81 1250 3115
82 123 1490
83 3586 8253
84 3980 2544
85 385 3958
86 4012 9927
87 2088 8186
88 5227 8389
89 5334 2406
90 5809 6271
91 973 3645
92 2438 1454
93 8927 180
94 9894 2591
95 2126 6578
96 2907 7918
97 1006 1014
98 4608 6128
99 1462 9695
100 8315 2977
101 7789 4996
102 3994 8354
103 9108 8401
104 6780 1514
105 1634 2396
106 9784 9228
107 5639 6596
108 3044 577
109 7708 9355
110 59 1510
111 118 7189
112 8433 507
113 9516 6863
114 6530 9690
115 8717 5983
116 5220 4190
117 910 1288
118 8719 4169
119 37 1808
120 8139 9785
121 4169 338
122 9752 7489
123 5809 9634
124 6456 7402
125 4099 741
126 6785 3055
127 4559 3647
128 6183 1498
129 752 1553
130 9603 256
131 6414 5149
132 9534 7725
133 624 4200
134 1425 6640
135 8937 6770
136 3954 6601
137 3789 2233
138 970 4239
139 3655 9325
140 7985 8667
141 2955 3275
142 1772 7784
143 6795 9166
144 4281 9960
145 93 5026
146 8957 3973
147 5535 6221
148 2614 9145
149 330 4981
150 4171 6370
