750
1 6093 1435
2 2604 1370
3 7736 5377
4 2141 8613
5 8265 7587
6 8259 7792
7 6850 3581
8 7595 1967
9 3623 9971
10 9628 3222
11 2641 3665
12 4876 580
13 4295 9370
14 1383 7303
15 5891 5372
16 7612 4542
17 9010 1824
18 5806 4774
19 9349 5296
20 7728 8704
21 260 1086
22 570 6296
23 1315 7889
24 5647 7041
25 9344 3017
26 9335 5742
27 1928 6067
28 8437 7026
29 9209 2016
30 6036 9114
31 5154 7363
32 9662 6197
33 506 6189
34 8275 6562
35 9719 4330
36 9998 9916
37 4061 1594
38 8627 5560
39 644 9899
40 9293 3587
41 9871 6656
42 2216 8459
43 4701 178
44 6906 2986
45 2480 3633
46 9040 3541
47 8313 2827
48 1651 5112
49 4732 9590
50 2001 8724
51 8728 4558
52 2749 8770
53 3787 4291
54 9690 9172
55 3389 5300
56 4377 2153
57 1901 4529
58 1704 3532
59 5559 3923
60 3806 5725
61 5934 1326
62 3560 7184
63 8953 1077
64 5559 5727
65 5397 1123
66 6248 6230
67 1162 5897
68 24 5576
69 7215 9735
70 8325 8073
71 5382 7360
72 2667 5330
73 3688 6473
74 5639 5872
75 6581 7467
76 5202 1953
77 6699 1332
78 5015 2927
79 9440 3879
80 1373 4721
81 4898 1520
82 3024 3003
83 612 2985
84 1645 2650
85 4168 3044
86 1912 3607
87 9928 2606
88 4456 5726
89 6151 1691
90 2925 1718
91 9963 5996
92 4581 2423
93 8670 5034
94 6026 4924
95 794 6385
96 8951 1188
97 5169 7660
98 966 415
99 6259 2929
100 958 3866
101 1562 53
102 8621 9109
103 9777 6346
104 4882 5877
105 210 180
106 1011 7105
107 7352 229
108 297 5865
109 8136 7686
110 2095 2979
111 5971 3603
112 5087 751
113 8959 8412
114 8148 2653
115 2980 8377
116 3750 4278
117 2508 9141
118 791 5239
119 5872 2372
120 3737 6355
121 5437 4692
122 9675 153
123 8206 9563
124 6216 5016
125 4082 3402
126 539 5229
127 9701 5224
128 6862 3810
129 1542 8403
130 3805 6141
131 5446 6878
132 1153 1428
133 1743 2104
134 6637 8872
135 4607 7653
136 4014 3019
137 8371 8746
138 6179 1547
139 4592 2386
140 4529 2951
141 9202 7409
142 7696 7172
143 8043 6657
144 7400 5221
145 433 6192
146 1355 2598
147 5156 5445
148 2902 2242
149 7423 1311
150 8995 1893
151 2646 2304
152 8382 6149
153 7042 7032
154 645 396
155 2984 1810
156 6080 1016
157 673 6338
158 2924 2530
159 2460 9378
160 6702 9457
161 7586 1477
162 6743 9550
163 5153 6555
164 5935 4996
165 8001 3685
166 4328 6492
167 990 5677
168 6877 6419
169 3707 9112
170 9465 8695
171 6116 6173
172 9718 7341
173 2201 3653
174 1909 9705
175 4783 3787
176 5313 5568
177 6021 7105
178 291 2248
179 5187 6410
180 1775 3525
181 2228 3131
182 7929 7346
183 8150 9247
184 9496 9659
185 2384 102
186 5663 6271
187 7068 5101
188 599 8001
189 2894 897
190 2982 2686
191 6436 3263
192 884 4711
193 2585 7330
194 7661 5580
195 1760 5244
196 8045 227
197 662 2754
198 2993 9697
199 3425 3410
200 3862 9272
201 4570 7561
202 1639 3231
203 6073 3521
204 4880 6551
205 5503 7020
206 2269 9919
207 3084 2895
208 8750 7955
209 1760 3352
210 5584 910
211 216 3876
212 7589 359
213 151 6204
214 850 4907
215 4187 9079
216 9946 3598
217 4243 7490
218 7137 7146
219 8279 8594
220 2800 3094
221 3848 1617
222 6249 6336
223 4062 694
224 3846 7144
225 117 964
226 2953 7644
227 2570 5567
228 278 3751
229 1964 5861
230 4077 804
231 9873 9723
232 3003 1548
233 3525 5229
234 2020 7499
235 2224 3426
236 3048 5924
237 1767 6487
238 7786 1089
239 97 3442
240 2980 1412
241 543 4180
242 426 9393
243 515 489
244 8958 4832
245 3691 807
246 2871 7534
247 9858 573
248 4958 6249
249 2902 8709
250 9247 9016
251 2691 1705
252 3290 198
253 520 961
254 7642 6234
255 3507 2927
256 2432 9350
257 7643 6767
258 3114 9148
259 6781 245
260 6873 2450
261 875 4136
262 209 7522
263 6207 8614
264 1972 1519
265 6180 5911
266 3668 9410
267 1497 4733
268 3885 3320
269 3644 4031
270 8931 4674
271 5380 7856
272 8443 6208
273 747 6167
274 1772 9724
275 3599 9190
276 597 3576
277 1127 2268
278 4679 2947
279 7039 8657
280 2254 9479
281 8170 7595
282 7208 1299
283 6484 9645
284 8575 9336
285 6554 9571
286 6441 5236
287 2996 3076
288 8161 7292
289 1244 870
290 9218 317
291 2276 1522
292 3648 1296
293 3275 1040
294 2849 1229
295 8813 9950
296 3519 5379
297 5756 229
298 7606 11
299 317 3978
300 1896 4899
301 6282 6643
302 7846 4289
303 5592 796
304 3721 9831
305 9919 2743
306 4351 3336
307 6104 8082
308 1671 187
309 8786 7581
310 6179 1103
311 2235 7834
312 1218 7492
313 3818 3110
314 6498 7931
315 5405 4355
316 2025 8497
317 5273 2405
318 990 9522
319 7557 9996
320 67 1798
321 2459 9405
322 4724 1402
323 623 6730
324 9993 8160
325 2678 6279
326 623 3441
327 9100 85
328 5032 6083
329 2641 7778
330 5252 4967
331 8823 664
332 3194 9063
333 9196 9242
334 8345 5585
335 4747 2046
336 1827 5635
337 9592 2845
338 658 3888
339 175 5482
340 7941 2148
341 6962 6212
342 6503 2861
343 4220 9171
344 5309 2374
345 8985 1615
346 9626 3501
347 4486 5744
348 4613 9452
349 8909 573
350 2369 5062
351 9245 9685
352 4110 6108
353 8329 1731
354 3974 698
355 3329 4716
356 7669 4076
357 3838 9299
358 7835 6958
359 2197 7673
360 794 1043
361 7274 3210
362 7504 4740
363 8116 4954
364 6161 9825
365 3549 1703
366 3404 2250
367 4448 9051
368 2007 5081
369 1115 9324
370 6011 2349
371 8028 1928
372 8885 7275
373 4207 9331
374 1377 4447
375 5121 2015
376 5630 1578
377 8948 4859
378 6318 7373
379 2035 8175
380 1028 8152
381 7188 1610
382 4550 7300
383 770 8315
384 4235 6846
385 2318 6766
386 2462 2677
387 891 6096
388 8951 3330
389 3098 248
390 8253 9480
391 6074 5628
392 5106 1207
393 6819 330
394 2799 8533
395 4348 2867
396 9377 9724
397 6739 4481
398 5536 763
399 1568 7996
400 8679 136
401 2825 152
402 821 3088
403 5434 7071
404 6271 1073
405 8261 7014
406 3182 3336
407 3705 7795
408 9021 8683
409 2719 6044
410 1379 918
411 9840 1341
412 4608 8599
413 6994 5791
414 8597 1068
415 438 6276
416 9571 4202
417 276 2747
418 2117 4598
419 2922 9385
420 5901 2546
421 4161 9646
422 3281 9054
423 286 2008
424 1208 384
425 5192 3595
426 9439 680
427 4862 3694
428 2667 8522
429 6984 314
430 3398 1612
431 1991 7584
432 9842 819
433 270 4975
434 9347 1385
435 6989 1144
436 3872 7132
437 279 7492
438 8524 9361
439 742 5110
440 7444 2494
441 9695 4011
442 3860 6880
443 7219 2458
444 6585 354
445 8619 1930
446 4256 3491
447 7609 6091
448 8888 2336
449 7015 5859
450 8642 8476
451 9146 918
452 5653 2658
453 3419 6275
454 3058 474
455 2421 1616
456 1030 7460
457 2616 3841
458 5471 7064
459 6467 7143
460 9393 7045
461 7393 8300
462 2030 5233
463 4456 6604
464 8015 5926
465 8494 9246
466 6869 2134
467 3229 4251
468 1955 9229
469 5008 1206
470 1455 9420
471 4676 2329
472 7233 4390
473 5205 9406
474 159 5425
475 805 3678
476 8597 9818
477 4297 1894
478 6866 1987
479 8398 3117
480 3875 3734
481 6917 8950
482 8384 4315
483 4804 5907
484 1294 1937
485 7468 6921
486 9017 4472
487 3482 8131
488 2311 6876
489 6428 9705
490 583 8222
491 8424 5626
492 7593 6399
493 2369 8513
494 2271 7474
495 8040 7851
496 5484 3446
497 5420 2149
498 7085 7751
499 8040 8396
500 8661 4522
501 2663 2204
502 4380 4727
503 6480 7905
504 5201 5236
505 8321 3858
506 4372 4839
507 8575 5072
508 6740 7495
509 8736 4285
510 7576 9562
511 4708 1018
512 1543 5975
513 7331 7032
514 6731 1512
515 3467 5048
516 6051 2892
517 9069 6890
518 578 1314
519 2898 7440
520 7107 150
521 7722 2035
522 2996 9192
523 3149 934
524 1071 8797
525 4983 4173
526 2143 1033
527 3004 2000
528 4165 6628
529 9482 7533
530 8797 1609
531 914 5784
532 7545 4186
533 3328 1900
534 4739 2808
535 7684 9103
536 1515 148
537 4729 8540
538 3619 1093
539 9151 9435
540 9917 2110
541 8750 3100
542 3546 1264
543 5994 9988
544 1431 5712
545 794 9475
546 7478 7926
547 2496 6208
548 2033 9095
549 7025 1600
550 4335 2808
551 8415 965
552 8110 5193
553 6855 486
554 9877 489
555 1499 8761
556 6456 3478
557 8752 2663
558 7020 9390
559 101 7428
560 9815 1989
561 1813 3866
562 5761 6261
563 8156 5769
564 4950 9191
565 7066 9583
566 3208 6555
567 9420 6330
568 7617 8050
569 168 3244
570 5431 1236
571 8852 6697
572 3315 5146
573 121 1462
574 8246 3160
575 9817 4707
576 8681 182
577 972 427
578 7711 1785
579 3553 4024
580 5780 258
581 4661 7002
582 3508 336
583 6645 56
584 832 7687
585 5794 438
586 3705 6587
587 9751 6053
588 534 7242
589 7213 6808
590 2760 9794
591 2781 5924
592 9874 3810
593 9270 83
594 3588 7113
595 5880 8657
596 2629 7618
597 7011 9810
598 2980 716
599 5705 4477
600 2730 2167
601 4574 817
602 3209 9518
603 4366 9808
604 6084 4247
605 7776 1810
606 452 9322
607 9271 742
608 6576 957
609 2896 5586
610 3349 2205
611 2969 4254
612 4317 2219
613 5167 7280
614 606 6653
615 9849 9342
616 1690 4619
617 1925 9218
618 1322 2419
619 7078 1345
620 929 6837
621 3838 90
622 4307 8467
623 4813 2760
624 7463 1626
625 3584 473
626 4911 6998
627 8681 2029
628 631 7339
629 9257 4959
630 7051 2259
631 5893 5226
632 9682 2501
633 2625 2478
634 2033 4359
635 1398 3287
636 577 3653
637 6855 1997
638 2740 4208
639 193 1708
640 4752 3416
641 4024 9266
642 5071 3806
643 1816 6164
644 5730 704
645 3399 1624
646 7546 1253
647 6616 5616
648 6400 4278
649 5069 6862
650 3111 9493
651 9618 1265
652 7099 8083
653 6224 8972
654 7411 126
655 3351 6873
656 166 345
657 5535 1759
658 7072 8017
659 2402 8750
660 2707 5750
661 6951 8058
662 8239 3788
663 6816 7350
664 2903 4529
665 6741 4883
666 1951 6535
667 2690 7542
668 892 4055
669 3717 3208
670 4107 1097
671 689 9840
672 1129 4366
673 3535 4771
674 4932 3330
675 7262 3006
676 773 5322
677 4396 8930
678 837 1035
679 8086 6181
680 5125 8778
681 6324 6284
682 5623 5845
683 5034 1414
684 3460 9900
685 4394 375
686 9612 7409
687 3036 6889
688 5714 8343
689 525 6800
690 9326 9408
691 8995 816
692 1910 5430
693 6721 3853
694 5362 9534
695 3371 3942
696 1807 2998
697 4921 9316
698 1107 2423
699 6035 9516
700 7235 7555
701 8624 4664
702 5814 2629
703 1209 8174
704 9863 3661
705 1893 6317
706 2574 646
707 2146 2430
708 9539 6927
709 977 2569
710 4289 1942
711 6117 7712
712 5260 8794
713 9829 4295
714 7485 4910
715 8249 5469
716 7426 1240
717 7525 7296
718 9805 1477
719 2520 9289
720 1395 864
721 1990 450
722 2570 8257
723 893 566
724 3344 5653
725 543 4561
726 3347 6302
727 8304 5376
728 6204 2113
729 820 940
730 9466 7856
731 8163 8005
732 7744 3001
733 4207 6821
734 9587 8474
735 2330 2126
736 8158 3249
737 1338 9128
738 51 7899
739 4366 2435
740 2881 3802
741 7773 9795
742 2065 8701
743 4431 4505
744 3277 6577
745 5953 5795
746 9843 3910
747 8635 7702
748 2681 5196
749 8512 6815
750 5377 4829
